0.819614
2.03478
3.98728
1.70801
-1.85516
0.981126
0.95769
2.94172
1.14096
2.16461
1.19993
-0.965353
1.59396
1.07029
0.55303
2.91801
-0.699724
1.57386
2.25542
-0.261131
1.6298
1.47159
-0.87561
2.20739
2.85563
-0.337022
0.857314
0.824777
0.171666
0.84467
-0.144587
1.8475
0.506969
1.8334
1.39806
0.992897
3.35484
3.84445
2.3946
-1.19717
1.19101
2.39152
1.70716
0.700135
1.8048
2.91989
-0.867991
1.7785
1.31532
0.919281
1.84146
-0.0861693
1.83145
-0.8576
3.45336
0.258957
1.64651
1.9415
0.710579
0.530786
-1.26078
0.769492
-0.576413
0.263688
1.8048
0.726281
0.0563915
2.93199
-1.48742
-0.745342
1.88452
-2.84531
1.68063
2.56948
1.73263
0.803324
1.14544
0.240629
0.625712
0.0940292
0.581371
1.68894
1.84606
2.98429
1.50242
1.32785
1.79245
0.225622
-0.370801
0.841708
-0.399001
-1.68111
-0.141599
1.82269
1.74005
1.14689
1.41391
0.352762
0.816745
-0.434597
0.9012
1.29705
1.30396
0.353581
1.24293
0.723028
0.980203
2.8403
0.365285
0.555585
0.251896
1.34135
2.59522
1.13476
-0.318074
3.90059
3.10292
5.80778
2.50765
0.58074
0.00241557
0.508246
1.75306
0.434959
0.242454
-1.17006
1.87035
0.324849
1.33928
-0.0391781
0.190168
-0.250749
-0.262608
1.39063
0.833006
1.25062
-0.114834
2.32468
1.26342
1.02252
0.742275
-0.176338
0.898547
0.677181
1.94734
0.540222
1.71426
0.309782
1.97275
1.43166
0.368446
1.71108
1.90872
-0.158481
2.68321
1.48499
0.551787
1.46856
0.798709
1.30936
0.926501
-0.822397
0.977184
1.39464
-0.488581
-0.238313
1.69294
1.47383
0.421315
-0.286953
1.50518
0.863159
2.74633
1.78285
0.894361
0.203415
0.236975
2.23759
0.950493
2.89374
0.464575
-0.13926
0.145589
4.01349
-0.42445
3.2105
1.5074
0.994658
-0.608009
0.338875
1.71305
0.998231
2.77758
0.858997
1.24001
1.22165
1.03247
1.48614
0.665
2.12155
1.44331
0.634269
0.643711
0.565049
2.02688
-0.698419
0.816924
2.16731
2.17011
-1.06921
1.93994
1.58135
-0.271958
0.16564
0.994146
0.347131
0.699673
0.101302
-0.270131
1.11404
3.02642
1.12025
0.385299
2.05416
0.716209
1.33729
0.290274
2.16649
1.55676
0.486075
-0.325004
1.47978
-2.00444
-0.294474
1.23721
1.34807
1.33558
1.58006
1.49097
1.46252
0.00335524
0.735148
-0.162359
1.36914
1.64493
-0.199559
1.15549
2.28081
0.837476
2.91477
-0.200023
-0.132065
2.6254
1.87978
0.353347
2.04867
3.41243
2.82017
1.87667
2.17201
1.49063
1.27938
2.2391
0.889088
0.43701
-0.303017
1.39999
0.595895
2.32704
-1.62262
1.97779
2.2505
1.56548
-0.102411
1.82178
1.25808
2.09477
1.24467
0.185333
1.91278
1.70863
2.22225
1.97225
2.46461
0.605731
0.349223
-1.64515
2.8653
-1.22211
-0.421678
1.70436
1.42549
-0.372314
1.49468
1.96241
1.08885
0.110274
0.0644778
2.01679
0.743323
1.8166
-0.565742
1.11898
2.24965
2.16929
0.328869
-1.04473
1.683
-0.548504
1.80166
1.54213
1.62162
2.91101
1.4769
0.922184
1.25044
1.2745
0.89644
-0.39777
-0.324486
-0.888502
0.93658
1.57215
0.40865
1.75165
2.14037
2.34669
0.296317
-1.09085
2.09977
1.24041
2.80499
0.372428
-0.609033
0.565394
0.213023
-0.150309
1.64096
0.369406
-0.0504505
2.19624
1.2635
1.13838
-0.52762
1.00386
-0.0776513
1.47284
0.598497
-1.06512
-1.00176
1.78643
1.95561
-0.205878
1.23285
0.333341
-0.224331
0.954298
-1.06237
-0.399736
0.456119
0.987209
1.92004
2.06603
1.60188
1.64825
0.422399
1.30141
0.989947
2.86772
0.432163
1.38725
1.52242
0.189625
2.38506
0.389365
1.9561
-0.15295
-1.93147
2.78895
0.97401
1.17186
2.00643
0.00160201
0.972205
0.237459
1.65463
3.62565
0.215992
1.37737
1.67252
1.66996
-0.892999
2.21272
-0.416047
0.416023
-0.667911
1.19252
1.79569
0.046833
0.356656
0.607313
0.933042
2.22488
1.02101
0.728779
1.11611
2.29083
2.36805
-0.71722
0.011618
1.9429
0.895443
0.887724
2.50117
-0.406186
1.9642
1.03406
2.18305
1.0684
1.8099
2.66667
1.55278
1.90921
1.50721
1.29214
1.30805
1.76322
1.3843
2.18279
0.138651
2.55764
2.47398
-0.215471
0.282787
1.38285
0.99208
0.964614
-0.538583
1.38316
2.64687
2.18008
2.18156
1.56713
0.872008
2.73653
0.955177
0.410218
1.24076
1.11602
0.245971
2.244
2.06931
-0.0188859
0.965574
1.52756
1.6928
1.80048
1.65565
0.849689
0.122145
-0.66346
0.0707322
0.614838
0.327292
1.02874
1.43079
1.03908
2.04368
2.11351
0.328306
2.34834
1.19317
-0.914687
2.60871
0.927859
1.68134
-0.0810977
2.2807
2.57211
-0.0920437
1.09664
2.102
-0.718248
-0.0639999
0.429715
1.04196
-0.725985
2.04294
2.50035
-1.22468
2.88493
1.07991
0.339883
0.497428
1.3215
1.03848
1.28258
-1.63255
2.39028
1.10148
-0.205427
2.74024
-0.00690163
1.41414
1.64749
2.20286
0.944669
-0.419113
1.18513
2.71274
-0.380218
0.00509084
3.92008
1.34177
0.318654
1.8673
1.89817
-0.159107
-0.865142
1.52837
1.49343
0.185632
0.512726
1.56098
1.87743
1.6733
0.931021
0.536116
1.37054
0.840651
1.18663
2.23453
2.0824
2.15832
1.46315
2.07098
1.91836
0.734991
1.74959
-0.340755
1.09245
-0.30488
0.169025
2.20298
2.26943
-0.0111175
3.64232
1.88639
0.137572
-0.31162
1.22209
1.73279
0.886143
0.37468
0.648545
-0.187866
1.38759
1.5483
0.190869
1.46599
-0.28517
2.74901
2.02855
0.694211
2.52105
-1.49517
0.500242
1.30355
1.81968
0.764614
1.25875
2.22539
3.21181
-0.251312
1.0871
0.321135
0.730569
-0.144169
2.80067
0.671325
1.19009
1.09673
0.767407
0.506888
3.33991
1.15629
-0.817172
1.08104
2.54138
2.4863
2.23521
2.81111
2.043
0.814126
-1.23412
2.36669
0.526081
-0.182874
0.506208
-0.024466
1.3052
1.05853
0.526554
1.1002
1.98269
-0.0190895
-0.542866
0.646293
0.589177
0.720439
0.752241
-0.886912
0.897723
2.67547
1.73444
3.42577
-0.115165
0.473338
-1.3595
0.0719307
1.06916
0.421004
2.5241
1.29911
0.415691
0.312897
3.04263
2.19463
-0.106522
1.17955
1.25539
-0.206541
0.360259
-0.264386
1.32669
1.45929
0.0284026
0.569539
1.88629
0.00856124
1.67584
2.63925
2.13237
0.313932
1.47096
-0.512587
2.94482
1.26805
0.709914
-2.16062
1.82064
-0.101346
0.533178
1.01839
1.2112
1.17336
0.330329
0.162959
3.3436
1.06036
1.52717
1.4164
2.1521
1.51358
1.17475
0.235112
1.01974
2.39352
0.946174
1.53982
1.85678
1.78159
1.72738
2.06075
2.91881
0.147825
0.745192
1.5822
2.43039
0.601317
-0.860658
1.59467
-0.270581
0.323149
1.64543
0.607312
2.72665
1.68722
1.06244
1.76821
-0.014803
1.28738
1.28003
-1.35149
0.770574
1.0699
1.74016
0.490006
1.18626
-0.647405
2.07774
1.41426
0.632508
1.73571
1.39637
0.589231
2.88151
1.41573
1.67058
0.50392
0.0938831
1.16674
0.0372205
-0.24624
2.83777
0.511522
0.798787
2.88044
2.13707
1.53463
1.74032
-0.138236
3.37891
0.33923
0.81524
0.00040356
-0.476888
-0.0689567
1.97855
1.47578
1.3836
0.0679225
0.627968
-0.32667
1.06171
0.346664
1.87271
1.45192
-0.289841
2.24021
0.558735
2.11351
0.665036
1.9267
1.16084
1.93276
0.00727784
1.11961
3.13918
1.21377
1.63644
0.0931387
-0.202215
0.519994
-1.67102
1.87189
4.52492
0.589265
0.650362
2.05545
1.16741
0.0580365
-0.774928
-0.381355
1.72376
-0.432791
0.605538
1.85577
0.525475
2.21386
1.28851
0.220548
-0.281976
0.550532
3.43682
0.201867
1.38256
0.257748
3.15883
0.428658
0.391568
-0.682316
-0.62485
1.91614
1.32432
-0.468877
0.58355
-0.7278
3.29354
1.41793
1.31225
2.66958
1.42192
0.779544
0.422146
-0.46251
0.637732
1.50768
0.985438
3.30577
0.990008
-0.0206631
2.5044
-0.147066
3.59644
1.97781
0.881824
2.2668
-0.219184
-0.631992
0.746615
0.365761
0.112349
0.910848
1.06869
1.00782
1.04601
1.54246
0.36254
0.658567
0.580548
2.67832
1.34914
0.283035
0.45331
2.32747
3.08439
2.89429
1.92725
-1.20886
0.0676638
0.794479
0.621271
2.43938
2.25459
1.21783
0.694548
2.8861
0.457035
2.06602
1.30336
2.4713
1.41942
2.3868
1.71264
3.47341
0.410406
1.42353
-0.275602
1.29792
0.485804
1.20493
0.0423068
1.2371
0.717353
1.0064
1.08922
2.11672
2.07872
1.43285
0.703078
1.82559
1.45649
0.617461
1.08534
1.98552
0.282264
0.515946
0.743356
-0.0772317
1.21982
1.05452
1.05832
0.432712
1.54385
1.87481
1.41187
-0.172636
0.539677
1.87538
-0.331508
2.72684
-0.36193
0.664856
1.16654
1.82432
0.0821356
3.38621
-1.13284
1.6111
1.89146
1.17718
1.13698
0.812876
1.20643
2.47416
1.34114
0.600339
0.457591
0.209608
1.57979
1.7366
0.879062
1.67755
-0.984292
1.27749
0.668618
1.08616
1.50569
1.63204
-2.25887
0.579071
1.07416
1.69927
0.225784
1.50725
0.170397
-1.57334
1.39059
2.85733
1.41748
2.25148
2.25623
0.0636546
2.3059
0.86063
-0.576442
0.622196
0.74479
-0.314031
1.06071
1.22161
1.39969
0.77157
1.32706
0.50056
1.21352
0.1045
2.89642
2.20982
0.964331
2.2645
2.75859
0.517862
0.555165
1.05169
1.10804
-0.763207
1.64004
-0.663519
1.40326
0.931784
-1.2441
1.07811
-1.80063
1.4081
1.35734
-0.289586
0.224499
2.4195
1.19562
1.64399
0.89245
1.63849
0.970906
1.37604
-0.745848
2.00048
0.635749
2.26564
1.7245
0.541132
1.76206
1.73766
0.451398
0.720836
1.3489
0.790472
1.5841
0.785704
1.02544
1.9608
1.6639
1.01453
-0.184862
1.4562
2.11098
0.430595
1.98505
1.27219
0.303444
1.92693
0.355647
-0.516988
1.1898
1.82559
1.81193
2.37194
-0.367892
2.59443
0.552317
-0.832886
0.953744
0.802932
-0.297339
0.719039
1.04135
0.6201
-1.15193
1.42791
1.05572
2.83383
-0.0660007
0.830015
1.30033
2.49459
0.0632009
1.87121
2.75821
0.809874
2.3458
1.21023
0.714646
-0.232861
-1.40976
2.12116
1.63092
0.786998
0.279403
2.05484
-0.424885
1.6781
0.21443
-0.52638
2.49345
0.305991
1.42791
-0.136463
0.429879
0.973542
1.8729
0.018912
0.954537
0.860273
1.77483
0.214796
-0.388137
3.29713
0.487
1.84175
0.534039
-0.228075
3.73626
0.122522
2.10208
0.0208601
0.73563
2.71615
0.328102
3.24361
-0.234488
1.89356
0.582906
2.09822
0.318111
2.47911
-0.460307
3.02225
0.800917
2.4367
3.04919
-0.561398
0.894381
1.65849
0.821129
1.14296
0.152865
1.12743
1.41765
0.678797
-0.30827
0.677159
2.8065
1.71284
2.66561
1.02687
2.21941
1.50657
0.394058
-0.273407
-0.156219
-0.544495
1.05379
1.4359
0.837227
0.503001
-0.828516
0.505577
0.197841
-1.14715
0.873279
1.47375
1.02757
0.139812
0.830451
1.96013
2.23963
0.631717
1.15139
2.09059
2.17375
1.44824
-1.10064
-0.54603
2.76732
-0.508152
2.01366
1.23309
0.824125
2.0314
0.733215
2.3584
0.228609
2.63699
1.03256
1.56771
1.3387
0.776172
2.72781
1.03309
-0.671057
0.272133
0.960685
0.640398
0.826766
0.447732
0.533172
2.00733
1.30353
-0.798086
2.66455
0.472878
1.28554
0.704025
-0.214036
1.60061
0.457009
2.2248
-0.857055
2.03475
1.23352
2.05161
-0.379389
0.755287
0.0225894
1.88585
2.16242
2.39674
-0.261597
1.57725
1.06634
1.30499
0.873487
0.306688
0.500428
1.94799
-2.27119
0.661217
1.31283
0.042363
-0.404643
0.983237
0.600807
1.28556
2.15594
1.23914
1.8036
2.32573
1.8176
0.880733
-0.46335
2.11243
-0.116947
0.940193
1.70782
1.58252
0.160654
0.670402
-0.688576
1.16267
1.96434
0.546621
3.01365
-0.152692
1.7692
3.50969
3.01746
2.42573
2.38988
3.32572
2.08374
1.88942
-0.317917
2.66596
1.07446
1.12549
3.11817
0.359535
-0.375486
1.01203
1.95783
1.73331
-0.409464
2.70974
1.08706
0.596665
0.0888246
2.63726
1.28998
1.35575
1.02122
1.12368
1.62423
1.199
-0.671428
1.78792
1.04298
1.75748
0.285265
1.17184
0.49493
0.193403
2.02664
3.9905
1.83725
-0.792729
1.93117
-1.00816
1.77451
1.73585
1.15943
0.669576
1.98074
0.79777
0.773504
0.628308
1.17029
1.61399
-0.684317
0.0838316
-0.11581
2.16778
0.377067
0.0447285
-0.125697
2.11188
2.04945
0.712485
1.22097
-0.0716796
-0.121318
1.6844
1.78058
3.09509
-0.120525
1.49255
1.83573
0.450458
1.8972
1.80451
0.337798
1.9823
-0.145174
0.493343
1.587
1.93371
0.590265
-1.28106
0.785105
2.11031
-0.119988
1.84112
0.696737
0.895727
-0.236032
2.02833
-0.25739
3.2184
1.05072
0.293273
-0.555529
0.643996
-0.638523
1.4026
1.20467
1.26527
1.45284
1.15824
0.841799
0.627261
2.87524
1.75699
-0.353921
0.269202
1.94254
0.336375
0.49403
0.541104
0.470674
-0.406811
0.890431
1.40819
0.66373
1.11597
1.4211
1.0203
-0.254258
-0.657863
1.7216
0.324718
0.805056
0.126347
0.0927899
-0.0587323
0.507943
2.85691
0.52935
1.6304
-0.0363478
2.04309
-0.911868
0.175631
1.49022
0.162209
1.03105
1.13343
1.52977
1.06727
1.01148
0.980009
1.13691
1.63772
0.491904
2.97404
1.60643
4.03846
-0.736631
0.0624178
1.81707
