50 321.359
150 321.42
250 321.6
350 322.02
450 323.34
550 323.52
650 322.959
750 322.361
850 321.82
950 321.32
1050 320.879
1150 320.48
1250 320.121
1350 319.779
1450 319.5
1550 319.26
1650 319.041
1750 318.84
1850 318.68
1950 318.52
2050 318.379
2150 318.26
2250 318.182
2350 318.061
2450 317.98
2550 317.898
2650 317.801
2750 317.699
2850 317.58
2950 317.461
3050 317.299
3150 317.1
3250 316.879
3350 316.58
3450 316.199
3550 315.74
3650 315.201
3750 314.52
3850 313.74
3950 312.82
4050 311.76
4150 310.561
4250 309.199
4350 307.721
4450 306.08
4550 304.301
4650 302.398
4750 300.459
4850 298.441
4950 296.439
5050 294.561
5150 292.58
5250 290.602
5350 288.66
5450 286.879
5550 285.26
5650 283.82
5750 282.58
5850 281.5
5950 280.58
6050 279.82
6150 279.16
6250 278.6
6350 278.141
6450 277.74
6550 277.42
6650 277.16
6750 276.939
6850 276.76
6950 276.619
7050 276.48
7150 276.361
7250 276.279
7350 276.219
7450 276.16
7550 276.121
7650 276.08
7750 276.059
7850 276.02
7950 276
8050 275.961
8150 275.939
8250 275.9
8350 275.859
8450 275.801
8550 275.738
8650 275.641
8750 275.541
8850 275.4
8950 275.219
9050 275
9150 274.701
9250 274.379
9350 274
9450 273.539
9550 272.98
9650 272.359
9750 271.639
9850 270.82
9950 269.559
