50 321.359
150 321.42
250 321.6
350 322.02
450 323.34
550 323.52
650 322.959
750 322.361
850 321.82
950 321.32
1050 320.879
1150 320.48
1250 320.121
1350 319.799
1450 319.5
1550 319.26
1650 319.041
1750 318.84
1850 318.68
1950 318.52
2050 318.379
2150 318.26
2250 318.16
2350 318.039
2450 317.941
2550 317.84
2650 317.721
2750 317.6
2850 317.439
2950 317.281
3050 317.061
3150 316.801
3250 316.479
3350 316.08
3450 315.578
3550 314.98
3650 314.281
3750 313.439
3850 312.461
3950 311.34
4050 310.061
4150 308.641
4250 307.039
4350 305.32
4450 303.42
4550 301.359
4650 299.18
4750 296.9
4850 294.52
4950 292.059
5050 289.6
5150 287.182
5250 284.84
5350 282.641
5450 280.641
5550 278.859
5650 277.279
5750 275.9
5850 274.68
5950 273.66
6050 272.801
6150 272.039
6250 271.42
6350 270.879
6450 270.439
6550 270.08
6650 269.779
6750 269.521
6850 269.299
6950 269.141
7050 269
7150 268.881
7250 268.779
7350 268.699
7450 268.639
7550 268.6
7650 268.561
7750 268.5
7850 268.48
7950 268.439
8050 268.42
8150 268.381
8250 268.34
8350 268.301
8450 268.24
8550 268.18
8650 268.1
8750 267.98
8850 267.84
8950 267.66
9050 267.461
9150 267.199
9250 266.881
9350 266.479
9450 266.02
9550 265.48
9650 264.84
9750 264.102
9850 263.279
9950 262.102
