50 321.34
150 321.42
250 321.58
350 322.02
450 323.34
550 323.498
650 322.939
750 322.361
850 321.82
950 321.32
1050 320.859
1150 320.48
1250 320.102
1350 319.779
1450 319.5
1550 319.26
1650 319.041
1750 318.84
1850 318.68
1950 318.52
2050 318.379
2150 318.26
2250 318.16
2350 318.061
2450 317.961
2550 317.879
2650 317.779
2750 317.68
2850 317.561
2950 317.441
3050 317.26
3150 317.061
3250 316.818
3350 316.5
3450 316.119
3550 315.66
3650 315.121
3750 314.459
3850 313.68
3950 312.801
4050 311.74
4150 310.58
4250 309.26
4350 307.82
4450 306.219
4550 304.5
4650 302.68
4750 300.74
4850 298.74
4950 296.699
5050 294.699
5150 292.68
5250 290.68
5350 288.779
5450 287
5550 285.42
5650 283.98
5750 282.74
5850 281.619
5950 280.68
6050 279.861
6150 279.16
6250 278.561
6350 278.039
6450 277.619
6550 277.24
6650 276.939
6750 276.68
6850 276.48
6950 276.279
7050 276.141
7150 276.021
7250 275.92
7350 275.84
7450 275.76
7550 275.699
7650 275.641
7750 275.602
7850 275.539
7950 275.52
8050 275.459
8150 275.439
8250 275.361
8350 275.318
8450 275.24
8550 275.16
8650 275.08
8750 274.939
8850 274.781
8950 274.58
9050 274.359
9150 274.061
9250 273.719
9350 273.301
9450 272.82
9550 272.26
9650 271.619
9750 270.879
9850 270.039
9950 268.84
