50 321.359
150 321.439
250 321.6
350 322.039
450 323.359
550 323.52
650 322.959
750 322.381
850 321.84
950 321.34
1050 320.879
1150 320.5
1250 320.121
1350 319.799
1450 319.521
1550 319.279
1650 319.041
1750 318.84
1850 318.699
1950 318.541
2050 318.4
2150 318.26
2250 318.182
2350 318.061
2450 317.961
2550 317.879
2650 317.76
2750 317.639
2850 317.52
2950 317.381
3050 317.18
3150 316.961
3250 316.699
3350 316.359
3450 315.939
3550 315.439
3650 314.861
3750 314.139
3850 313.301
3950 312.34
4050 311.24
4150 310
4250 308.619
4350 307.121
4450 305.459
4550 303.66
4650 301.76
4750 299.76
4850 297.701
4950 295.6
5050 293.539
5150 291.441
5250 289.379
5350 287.4
5450 285.561
5550 283.859
5650 282.359
5750 281
5850 279.82
5950 278.781
6050 277.898
6150 277.119
6250 276.461
6350 275.879
6450 275.4
6550 274.979
6650 274.639
6750 274.34
6850 274.102
6950 273.879
7050 273.721
7150 273.559
7250 273.439
7350 273.34
7450 273.26
7550 273.18
7650 273.119
7750 273.08
7850 273.021
7950 272.979
8050 272.939
8150 272.9
8250 272.84
8350 272.801
8450 272.721
8550 272.639
8650 272.541
8750 272.42
8850 272.26
8950 272.061
9050 271.84
9150 271.561
9250 271.221
9350 270.799
9450 270.34
9550 269.779
9650 269.139
9750 268.4
9850 267.559
9950 266.359
