50 321.359
150 321.42
250 321.6
350 322.02
450 323.34
550 323.52
650 322.959
750 322.361
850 321.82
950 321.32
1050 320.879
1150 320.48
1250 320.121
1350 319.799
1450 319.5
1550 319.26
1650 319.041
1750 318.84
1850 318.68
1950 318.541
2050 318.4
2150 318.281
2250 318.182
2350 318.1
2450 318
2550 317.939
2650 317.84
2750 317.76
2850 317.66
2950 317.561
3050 317.439
3150 317.281
3250 317.1
3350 316.84
3450 316.52
3550 316.141
3650 315.68
3750 315.1
3850 314.4
3950 313.602
4050 312.641
4150 311.521
4250 310.279
4350 308.9
4450 307.359
4550 305.68
4650 303.9
4750 302.02
4850 300.08
4950 298.18
5050 296.359
5150 294.459
5250 292.539
5350 290.699
5450 288.98
5550 287.48
5650 286.141
5750 285.021
5850 284.039
5950 283.219
6050 282.52
6150 281.939
6250 281.439
6350 281.061
6450 280.721
6550 280.461
6650 280.219
6750 280.039
6850 279.879
6950 279.76
7050 279.66
7150 279.561
7250 279.5
7350 279.439
7450 279.42
7550 279.359
7650 279.34
7750 279.32
7850 279.301
7950 279.26
8050 279.26
8150 279.219
8250 279.199
8350 279.139
8450 279.1
8550 279.041
8650 278.961
8750 278.84
8850 278.721
8950 278.539
9050 278.318
9150 278.059
9250 277.721
9350 277.34
9450 276.881
9550 276.34
9650 275.719
9750 274.998
9850 274.18
9950 272.939
