2.8945902237816234503 -1.4515402748674610667 -0.2151817906138839831
-1.0731506678443407665 -1.4515402748674610667 -0.2151817906138839831
2.8945902237816234503 0.68806138755865076106 -0.2151817906138839831
2.8945902237816234503 -1.4515402748674610667 -1.2242038176886405054
2.8945902237816234503 0.68806138755865076106 -1.2242038176886405054
-1.0731506678443407665 -1.4515402748674610667 -1.2242038176886405054
-1.0731506678443407665 0.68806138755865076106 -0.2151817906138839831
-1.0731506678443407665 0.68806138755865076106 -1.2242038176886405054
-0.093367410956012086842 1.0565747351502086104 2.9521929157363873131
1.3231807353545521622 1.0565747351502086104 2.9521929157363873131
-0.093367410956012086842 -1.9395699684745657532 2.9521929157363873131
-0.093367410956012086842 1.0565747351502086104 1.2945989909358850412
-0.093367410956012086842 -1.9395699684745657532 1.2945989909358850412
1.3231807353545521622 1.0565747351502086104 1.2945989909358850412
1.3231807353545521622 -1.9395699684745657532 2.9521929157363873131
1.3231807353545521622 -1.9395699684745657532 1.2945989909358850412
-2.8621357607001076673 -3.1269846734061323978 -1.6999756446378246899
-2.1029774849049669427 -3.1269846734061323978 -1.6999756446378246899
-2.8621357607001076673 -1.2174353814246732242 -1.6999756446378246899
-2.8621357607001076673 -3.1269846734061323978 2.9631039263837779529
-2.8621357607001076673 -1.2174353814246732242 2.9631039263837779529
-2.1029774849049669427 -3.1269846734061323978 2.9631039263837779529
-2.1029774849049669427 -1.2174353814246732242 -1.6999756446378246899
-2.1029774849049669427 -1.2174353814246732242 2.9631039263837779529
0.067432237486219737121 2.7319981729986402286 1.3207049396105787764
1.8652012756571387797 2.7319981729986402286 1.3207049396105787764
0.067432237486219737121 2.4195193335492675146 1.3207049396105787764
0.067432237486219737121 2.7319981729986402286 -3.0899689195285460208
0.067432237486219737121 2.4195193335492675146 -3.0899689195285460208
1.8652012756571387797 2.7319981729986402286 -3.0899689195285460208
1.8652012756571387797 2.4195193335492675146 1.3207049396105787764
1.8652012756571387797 2.4195193335492675146 -3.0899689195285460208
