2.3908541305172814617 1.6283316065495148095 -2.0961215904665246867
3.0089491667256762497 1.5139752383567053329 -2.1324953136656592534
-0.29415657986395027379 1.2686749199339111271 2.6654069537421447578
-0.78668789631953961461 3.0212438685971845231 1.4360337991817582193
1.2524190351500950058 2.4479039234735129327 -0.98988781713733375867
2.7977748280235532619 -2.6215161561076247843 -2.8028558282872402252
-1.8065821722176791386 2.8595325293560440727 -1.5314018337289863059
-3.0002576692466824682 -1.0733445643393264568 -2.2475523533606356352
-0.40752124748083717876 -1.7402352508485490201 1.9631981826528281943
1.2673592574351246753 -2.4507040659470344934 2.726717235289281227
-0.20573113403625198359 -2.4573710793460699087 -2.2351432679385112579
1.3073290734854250417 -1.1386897089138328099 0.70236337651210156707
1.8924481897792206908 1.735270337228919324 -2.3645812405882593588
-2.6502956418497758406 1.8427392860570215305 0.64028121122737724491
1.0831064212869012664 -2.0880047308364204639 -2.7269636196999256228
-3.0791905749092429723 0.16748554368533241643 1.8192686210074802133
-0.55957686091062841527 0.99126592834753868289 3.0446575076940858295
1.2816527901051228966 2.4671438110478698391 2.6454979662779871674
-2.3044012777822380222 0.3239370129555259048 -0.059255737109396466877
1.6221224179372617513 0.0063833004645226232299 1.9250974657728185946
-1.1425528432396190315 2.3199152723456109015 -1.4069463924980065705
-1.4536318175099809391 -3.0183014446056661839 2.4682771819986717432
-1.7629956390475161054 -2.0560822167111791892 1.0609501802477749877
-2.8238423516315540596 1.640975702239470202 2.7187901234912406068
1.5700743900077371862 -1.4152093911443801577 1.4870122056415659983
-3.0616912677635288453 0.80338235815208403068 1.0332593182195335402
2.733410696885551161 -1.9319474588978160501 -1.7838988956504862049
-2.9305217502362035376 1.3552411237772510333 -0.75326220204127292135
-3.0344080758097868866 1.521017607843613284 0.5522092498370878566
-0.48957933715817203435 -2.3601814198409969414 0.45712482550922972635
1.0204943505818810934 0.88434486462605033097 -1.8067090109769852191
2.9772685000452652204 0.58381766286327652082 0.28017250052829156814
-2.4372397274707831016 -2.8219579193251198568 0.68648342545680662852
-2.4131498504847495035 1.5341374859361183169 -2.8324909312373081072
-0.91157266989959317982 1.5276845750548062597 1.7079174217756882825
-2.785908503614338283 -1.7664638915360939553 -2.3621408654439859376
-0.53774060413472879461 1.1270687079669636788 -0.82940727960365645544
0.38966456970433682727 0.66078112042384118396 3.1270234831773375817
2.6982256920965843605 0.31517817930387348468 2.003026031787341843
0.24554749441175838243 1.1059476789612903147 -0.40072078972955349485
-0.84702038131296442103 -1.4717563563988409481 -2.4659836450454628576
-2.400370563259235368 0.13636431857166764203 -1.9167043501404705808
1.8439553798887535763 2.3313206889283719647 0.20734260520882141776
-1.877948183715571373 1.1386136284027292831 0.4063592679616676584
-2.0712219656787214106 -1.1659132649467236487 1.2231131701858082295
2.5805238872752944701 1.3046949435063766032 1.9094441968791020514
-0.29691733688686650083 -0.25978373121106823618 3.0820648548136881928
2.8666642133411865956 3.0175472261620734926 -1.6583893096031820935
-2.7532550279103422675 -0.64926570778285253027 -0.31998299571267496688
-1.960104262536098485 0.8697739220232367785 1.2194461645523579918
-2.1869901278635701658 3.1123593396119346721 1.7792965024877416269
2.0129857999691056492 -1.6050138578100003883 -1.4935854952169553833
-0.97805536419562466577 1.4684607446071344938 -0.64861983486255114784
1.5289275832804039013 -2.6448234690393581658 2.0834088768716432227
2.6054228955317206839 -0.24637096572595318378 -1.9621309009922784927
-0.099554058577213666581 0.21068882495105389907 0.11314290436864515854
-1.9852823941973269939 0.39766619163712890739 -3.0780597768536877012
2.3691542073653435452 1.9206500204079866023 1.4977797829465719914
-0.65896648296942217371 -1.662582288040009626 2.5870368627280946328
-1.1950123251538904423 2.2805757197101241829 2.937411505301256831
-1.6911118182459157211 2.6649934741045253617 3.1133775379698329644
0.51001287748452073245 -1.4111271355454806375 -0.50848937053424769772
2.881277001959396955 -1.5358351120106163989 0.83566124214512615964
0.36187482287165595451 -2.1527264547646822734 1.2910065799445922252
1.7827889570194974667 2.70998996239031964 1.3449974739414072289
1.9920540800905035539 1.4248302913486741161 2.4404718063239014825
0.53233750380133226798 0.76542605751288972371 1.9362619127672253683
-1.8848908229879703935 -2.3121295161880679458 -0.25970505964025569767
-2.2978741410250611565 -0.09723718172748929689 0.76075098712513788968
-1.4106138282289155672 1.6183400752700345393 -2.4186374627409144011
0.94929135849070878095 0.68015949852612767046 -1.7784755313285176559
-2.0970241232936963627 -1.5026107317032131316 3.0274801686987924398
0.45088649789483792318 3.0580085139120312121 3.0048991456420051094
-0.18321781374241385976 1.8679843891224017227 2.7574535915056372914
-2.8381829472270299064 0.067090865557138279485 -1.683736215677614334
1.0994796237908621706 1.8211413011173078758 1.5252230205946686326
2.5687436735039730351 -1.2630582468138484842 1.4840520253118594241
2.467550024085669591 0.021211690323104104294 -0.43407664981402049875
-2.4607663445272986991 0.18855665041829094974 1.2564478527638742733
2.8270526473152388647 2.5072506620992252024 -0.92872654037165380814
-2.0274906289605518772 -1.4794819624437824945 -0.28127301402253124252
-1.1667181947078966164 0.86025365264344966221 3.0589059473263029432
2.6837326459768435782 -1.1996425946890858505 2.8526096774064226835
2.8308847618254295853 -2.2150846981333320862 -1.2940658308697190471
-0.79519322855631946467 -1.4411758756491304112 2.7009849662654623614
-0.60194439295328416861 1.8388072991521191568 -0.21910160970215297738
-0.87476969388753289536 0.38697072138696153587 2.3376814758315092035
-3.1233386473158502028 -1.7530963501889529343 -2.8670893881454446728
2.0077105575928930747 1.6847547165638108169 -1.4140103064564231161
-0.17596694976457838422 -0.57732134172792104465 -2.2398937140613357499
0.95367973742732559117 0.50513411291106757872 -0.67502823689926882977
-2.1457493256541031457 1.9142106959937192912 -1.5485231110404626964
1.4644765718160464019 0.031439576626619114563 -2.4937264468998603384
-1.5395849979302427268 -1.3252575571708360425 -2.50009106243282897
2.5092988598873793293 1.2404009843369321331 1.7197687792904474691
0.48068224735041864548 0.641617172760526433 1.5292734361102171547
1.4274871543205529534 -0.51608073861707559615 -0.77432478062047094269
3.0683704536516334116 -3.1080657384293881584 -1.3351297863452742387
-1.3907783003683169554 2.0598996608101600714 -1.8834993906803163544
-2.5226875986762249404 -2.3857208304010315558 1.8815111338980337052
-2.9561883598854934441 0.19281148754602872586 1.3352453286528929155
2.7369422590248477789 1.7643879999298217598 -0.8778146158558342016
0.019559436950211672723 -2.583670822936665612 0.75290996596714254707
-0.7841400089664456452 2.7766362443836483109 -1.0497788417515794279
1.1931822694220501901 -2.5403842153785567426 -0.44612036744838601265
2.4028186003472802312 0.11964805442231796206 -0.69272853289345004413
-1.698357061367111287 0.755224190250818328 -2.0184970067221597034
-0.58428012896353198613 -0.82308767391001991243 -2.0703386445066129795
-2.6402535411693 -1.2173899491523343386 -0.77976156510775407327
-0.3922833699873518043 -0.31908415932025668837 -1.7869495642756410003
-0.32680441268742566052 -1.17926217665692179 0.04465083811060477359
-1.519859506239113367 -1.1067216443384362279 -2.458253469681084713
-2.2419944481364035838 2.8717470963200995016 0.21671639860008884426
-3.1171063556567233377 -1.9733602817957454079 2.624980316800154867
-2.6219572993301740738 -0.85529597713140415038 1.6986264923599927457
1.1876947762429992395 -1.5707825761337887993 1.0051295197500680345
2.817090412487417872 0.45576265406713423189 -1.4238283512863603164
0.70411879071718441736 0.96343263146558122401 -0.98417567103882053203
-2.9634006720561578696 2.0521241761558313144 0.43284319374990554152
2.9886800464113241205 -0.93083201721580843824 -0.95642599154667307104
2.5450722622225470104 -0.36864145765357170248 0.63359023330311492472
0.56152715609499059823 1.2733915474460779649 2.1513331063676019994
-0.42548117772838311978 1.9502202805623731763 0.46076862093384551855
-1.9466891498653464687 -0.73424436916240898299 -2.9563692725418491136
1.7154762864207366846 -1.0910380548194393846 0.16374749362568019606
1.3409658758737066364 0.19959934814273738724 1.7902398087033946084
0.80848777549918171559 0.84385143171977805565 2.2105599742765074112
2.1087108257486093521 1.7485261750756881938 1.6510462108985768381
-1.3814637327845336046 -0.23592898146438612272 2.0760156248542998014
-1.5926156193064773259 2.9407638714644921407 -0.490819934187650464
-1.929978082129350625 -2.9343553201610683701 -2.0822093162043344705
0.5541644796375186921 -2.5652176497309460146 -1.2273998651966455675
2.5470496438474183876 -2.5372291123342085584 -0.23947967459448804561
2.0645090252873394832 -0.96231531853109375518 1.6121002493821245949
-1.2421941341035100947 0.012512291233337524687 -2.6649736007870017396
-0.6356735045854424726 -0.57473375606448851016 -1.7718792848728479594
0.39354640415146979748 0.054795832594750404354 -0.17413300731885739125
-1.3747687272361923672 -1.7291839725097222225 -2.9216741278008200311
2.4918820406612809393 0.16067137969477940374 0.76285794319733346569
0.91636645821658113675 0.79370023703082059896 -2.9886243929310314371
-2.8972757909211304117 0.62266259636547705014 -0.012069556279540538668
0.38630053178990397811 0.12973685748604024681 1.6718411957664036649
0.26708778009244005247 -3.0656910466994680142 -1.3833823960569895384
-1.7121531082832230908 0.81480182305604120785 -1.8435420852114110524
-0.2601854900381543878 -0.55156556631986353167 -0.15168922249014515913
0.83817745738284754609 1.6661337678520435901 1.3610578185236912319
-0.61839055169213708041 1.1851566019242376626 -1.0185697249454173097
-0.80220426119181009739 -0.52768233127688901618 -3.0250469051798658526
2.2288499703557214104 -0.70196078024512598148 -2.8576210863463034073
-2.5796786206309274547 0.38639332241184254357 0.27040319382282351768
1.5941326287787642713 -2.6801534620612286197 -1.6067755151469205188
-2.4339859353040598222 -2.9285711676602872444 -3.0080385315804667457
1.5464325525784445858 -1.1321309419795664297 1.6367068940759121887
0.011231930202386219975 -0.18087368996494124218 -0.47229251890075651943
1.9373888784289485798 -1.5098696944683989152 -0.85233128545438630042
1.9161555452821019685 0.81816640484490044116 -2.9464330929658264502
0.21542380164955732269 1.0856838905067140999 2.2332814608470705764
1.5143046412401730549 -2.9719208680187674254 -1.1239385999957565154
2.7155330942658659765 1.6044082335659100025 0.67593067597687150894
0.67160297622773512671 2.742870146383995511 -2.7157016993115909997
0.56475680334967748308 -3.0381755130324372693 2.6347293432770424459
0.78829553056603662853 -0.90409999483050196289 1.1061332111400830058
-1.8148936982788737016 -0.16460831054333002754 -0.62925469565770564273
-0.81947976850845716257 0.74014649983713320935 -1.8202874716087327212
1.4914309874281999058 -0.72929305646474906766 -0.67200167343158101474
-0.049387210784659352214 2.6539500212532045609 -0.31075234529323747523
2.4896101596747186591 -2.9182369604555882248 -2.911328208771308379
1.6963369078703536275 -1.1155016438775371412 -0.71900107216988118353
-0.28193553433327700475 0.6459466152301533981 1.5701691224421221449
2.8965495896766606521 -2.155292226912531639 -0.2555711745416600067
-1.9680185083945662683 -0.78907464258894988163 -0.90886177955926816807
0.52054960629334967592 1.1124453147371955453 -3.0624529358664478451
0.50569736142063259621 -0.26659517559561862754 0.61899999028921381949
-0.43747581589560091686 -1.7064044500269697213 2.9760052889275545596
2.7271138096760765279 0.72689992423932059395 -0.49386939497761694895
-2.3528201681583746918 0.070984414590874678197 -0.86116504036047292203
-0.029867685664621390629 2.2846834560330586683 2.1938228585950856342
0.84950536182670521868 2.7840908284212328994 2.737736888723282469
-0.73785541882371497024 -1.8909973777987674204 1.8908363694754708462
-2.7198707356925133638 -2.0853673209778689213 1.1382574864951067184
-3.0468952405288294294 -0.75744232525678345525 1.7805138719606112829
1.9746059529706823099 0.3709935185416712855 -1.6653857331978352274
2.891504847316223703 0.51486689308512900709 -0.022583354251468179541
-2.8871789183335572204 -0.60040044111196788634 -1.1047393742991351573
1.9763066439833378851 -1.159867414550087128 1.5413716190475659218
-1.3589355813415431307 -1.7485857597331795343 -1.8903140050362059466
1.759234573929506773 1.8556083663250646509 1.4168411880436337924
-0.54159664747169911081 -1.7733510407689292432 1.8500168251465298752
2.0869653263045515601 0.00047593400957079978753 -2.27171575180216756
-2.5682739644770302689 -1.9631142597310073938 -1.5558026493171872584
-1.7906124907602944951 0.49689587305211047052 -2.2248612633913986691
-1.9230202980620836328 0.345719619613683804 2.2486422814450026664
-0.71283220757303755732 0.83052836863483081586 -1.497728230182486131
-2.0471839352864784622 -2.0682692929569022056 -2.7375710363217460319
-1.7554212381639053842 -0.84676322395895953221 2.4017310365487123391
-1.9083608922687660403 0.93279958222592274097 3.0227843892148911209
2.8514179188109869401 0.7075202609421644695 1.9869206334441891215
-0.64393486282358969319 1.723271464851700685 2.8779926592221283244
-2.0062787480219883562 -2.7269247667384419742 -3.0855576789117882264
-0.99178251266614436688 -2.1238822037999689485 2.9876142897994117931
-2.2724617305472984974 -0.053953547754546082871 -0.85653726032758337183
1.8554720255307941557 -0.96541732019648973662 1.9945441936530201588
1.0503265842185358636 -2.8858033310844040109 -2.0524333795611457987
-2.8618804280114167327 2.9043687576161385522 0.7935384421514499742
0.19840865685222741632 -1.9928955851172076574 0.55938850754942581744
-1.1609184035366220122 1.7057075049473260364 -0.93803256319283789821
-2.5967382068073212587 2.6918992214604724467 0.51906420985281886971
-0.62972812650226162035 1.2638454002221868322 -0.57760973024035200396
-2.4195136090125313189 0.30199587245160675053 -1.8860307295511271608
-0.93931048290037910675 -1.0215744002658548872 2.6061242430166657869
2.5618288168587870501 2.8297574536000293932 2.684775087302322838
-1.8271071476325950744 1.2853868816368878569 2.8321574293710680692
1.0290491924420255287 -3.0706856978563026317 2.1101300999940200143
2.3342377947862695819 -2.691601642679765316 2.5586288675854556018
-1.6491656808673091916 2.2670894707761863884 3.117908029775020573
-1.3262232379784448799 -1.4922515795867659083 -2.981937530471208575
1.6532769326456397962 -2.1635708982688051094 -2.5190378033507170308
3.0374934181731987337 -0.11029511060109520315 2.4571009797927052531
2.6613325120260089562 0.33045661610347965009 2.3046469935961466646
2.2555974860195009413 -0.43071857607718033734 -2.7535554325697892963
0.62524949718409006394 0.61691831766323224073 -0.39095907167245957936
-3.0309676650009764742 2.615688372151510066 0.035100793269414509723
-2.1729753463195047303 -0.0095087940547204929942 1.2398005943188845634
-2.919796881730457816 2.2706791200058367153 -1.6758151596262447214
-2.4811687154371488973 -2.6101944965501022722 -1.7501550630071867065
2.8604892104997885482 -0.95105617097512284985 -0.29308592266161737072
-0.2288389378708965971 -2.1053443410720440454 3.1021957565949760394
1.0479710459371096576 1.5282261847636835483 1.5343842499499142917
-0.80660300310458366013 -0.53476166816575565477 -1.9961203250456440728
-1.4799200290410812197 -0.41809234672012340894 1.5809088620361508859
-0.60755401785307538987 2.1040824475921233727 1.9002647707718152148
0.57929310625838148496 3.0521793026528989401 -0.043242470324268200699
-0.86153105747914215939 -2.0444765284560997287 1.42164975932983495
-1.832987226342709608 -0.32652152671032208531 -1.2701781594074832427
2.5565170490001056791 -1.3096135465915559326 -2.672092796504663248
-0.34379108054930362925 3.0352390704811975652 2.5135290037662549878
2.6794828428860117953 -0.28047071702336090482 -2.5774855886574510322
2.0529427585156962976 1.3850794297753372675 0.80611965429578447129
2.7455867515414853486 -0.082130285975508421359 -1.5590758812133787004
1.4182149018412664176 -0.52819908884236355107 -2.3124253061878210502
-2.8488633089355208661 -3.0215106033883376568 2.0897415874195583996
0.077865530138171656915 -0.12069477628418434634 3.0545343805799509695
-1.7275453091721846288 2.7620588266562915436 1.7968328261204611351
-2.376463453937537551 -0.28562158333684051215 -2.687865299989681489
-0.68616228869566597837 -2.832055006901927463 3.0915745834039745077
2.297747131249400887 -2.364252353942237761 -1.5869837845627081663
-2.0152448895748760194 -0.63415798191902172931 2.1665119041100888708
-1.7339486051186405735 1.6722188570390219553 -0.52544897842396975918
2.3068600226912154838 2.628870608583021351 0.49585235931420967859
-0.5970594248762592926 2.6603456773337157415 3.069776253551867562
-1.0153135170310441104 1.3292073508181259101 0.10850568848758435081
-1.4890708714905651622 1.341941014706224955 -1.4555088458495399895
0.66397832098112319343 1.2937185151629329027 -0.4745047753005238178
2.2391380066436648022 -0.97629142034164395625 -1.3940628829358465701
-0.69041558815037218366 0.29791759746771973028 0.10376806939237326333
2.8458966263914726724 1.2285409526549999626 -1.0300093365810272239
0.76692109532515617687 1.025762845999263817 1.6232633063372325921
2.3288799651868927754 1.4051558287250500712 -0.79492189293282899953
0.81250825863439546382 0.26601054182760242028 -1.30133069103463761
0.78067643055471469538 -2.2933923516836212109 0.67024187563973525172
-2.0625131340202438324 -2.3778801059601830659 -1.5672103710386313669
-2.2808798102896905569 0.09747154894894816124 -0.36592559816182923527
0.29879990743084805516 -1.2924339336243741982 -1.6534384234447641049
1.6096173606768058306 -0.6218130707895030973 2.1271326313319018908
1.6368554693626586882 2.977625364939738617 2.9889499889470654281
-1.011174172749866873 -2.340680242467481964 3.062827247927546459
2.4524067504226918501 2.5299143094128346831 -1.4762016474946264566
-2.2166817575705661802 -1.4318824334365085615 -0.12197640811942589423
-0.84431768896886039144 -1.9801692412858311609 0.86489320554040904909
-1.0804359631356761362 -1.2728599570520680029 2.1544030179213242704
1.4689794033960259512 -1.3746267001468817082 -3.1068639023450552727
-2.3074892482702140661 1.3153597356074486768 1.8261426390106816342
-0.74380102267695624718 2.5801263371653249123 2.8946499378401000513
0.43578178809517353898 -2.1016575927079106378 -0.21221595761417288983
1.9966674104779924548 3.1299037378201521875 0.95313008616232597348
2.034893760222244552 2.5898796514767132848 -1.3453811135387037101
-1.7542547233429808262 1.9977457872302570863 1.6485167257145585396
-3.1161681947788824054 0.74824654268352164266 0.049416217467033174415
0.45468290549988976679 1.2357437048813775249 -2.0592478699978888912
-0.49711975456507895288 -0.24330359104403997961 2.8363395693609971815
2.9696403036518956853 -2.9505784837728290526 0.97354785956428457894
2.6689601515569458812 2.1977010849369422729 -1.2779317148918454272
-0.61995699040611773611 -0.38573544923220781655 -2.1519315109783119233
-2.0760205252736039228 -0.5541450457035450583 0.78633338053518064825
-1.4248380762410621792 -3.1197231176723621004 2.8839551059934027677
-0.83215171730227144309 1.3696126180681407192 -0.034368320772681926201
-2.3188726164748025838 -0.98938363737188916858 -0.19169087935546880175
2.6337037420392972464 -3.0790719726699014025 -0.69623170109647780635
-2.4751161168834965309 0.56255245807584808304 0.52184781546234670913
-1.1558861063399028524 -1.9414990890504355558 0.29765920490843544854
-2.9356007592315815913 -1.6501728104483064374 1.8897104547688714504
0.87682496039989210601 1.6620388320444723362 1.7370103947405670652
-1.275751450393726838 2.3702019515366350433 1.6850039121537960796
-1.7101899183596918075 0.5315949446069860862 0.15014918616056727174
0.091429714697835340331 0.53631155858726398122 -2.0355176066580464855
1.7435970400737206276 -0.80637707416214476908 -3.000173580680140617
3.0833236289651662076 -2.760456797837420595 -2.1224512410029729992
-1.0727445909345014741 -2.6858467555263012549 0.25362891149428357096
1.882880310185125694 3.1065498586136071069 -2.817782834203563791
0.30439941741669995778 0.8568409430962460327 1.9302578599129489589
0.342272190283468003 0.40833811312977852381 3.0369696939376753519
-1.9934123109419277231 -0.5942377936242118075 -1.6377262982018188087
0.49305819848249399229 2.2201178367764979882 -0.74656987632083238182
-1.6073596126206266543 0.90662655359727395421 2.6167710098429424193
0.6124603405538615597 -0.77761121680823297453 1.1588772020767708071
2.3941778649780864896 2.2984249666558973502 2.1856127438728867318
0.76021743800339924846 1.8015762702495834446 -1.0858419195879669417
-0.13118023791563837577 -0.89884313688127281949 2.9655780486095348891
2.4248129672888074637 3.0283768644065904851 -2.5651140750245513544
0.99501236509296830945 2.7294625831546914796 -0.097932656570566045673
-0.52261768340760150764 1.3104840281954723835 0.19617555978005629669
-2.138267525844409267 0.23396246272373533159 2.7500105883748249269
-0.015922723663468474342 -0.74020999538797305206 -2.7772798304697294824
0.46990027928702504667 2.850133826986056107 -0.58788258118922787077
0.87857020409877506495 -0.83564175688085295945 0.89114757466663707675
-2.3231947461096318364 -2.4461873334063604091 0.30710351239567001969
-0.12621658469735752561 2.4810273269355285208 0.9471651162799776813
0.8661463425836668506 0.41377330676801671316 -0.35073634455163871237
0.0043822855493198531462 -1.7807859109069841264 -1.9761880311961517176
1.3978153755729740837 -2.3145890173595247141 -3.0937456177606810215
1.1352360834853643112 1.7784089684503285866 2.4193643276971688039
0.46597185611463221022 -2.6405142628937889882 2.9004353109033154112
-1.5868743433284790978 -1.1553262257854659545 2.8079031359695010295
-0.58219199902560259119 1.0082334846946530149 2.119746624634162302
2.7530727730534527709 2.2937692407583902821 2.7354750961487646066
2.6206206443411952378 -2.8544364719872779013 -0.45606020069124664218
-2.6857403143009519475 -1.7944614753948009422 -2.3457400728250421551
-1.5145308531633894233 -0.20232778889518510113 1.0169359097933350355
0.88743277773400031094 -0.34429290703707371435 -0.3422373107865634978
2.6693732826311356021 -0.51366169035607800453 -0.84559632613775503884
-2.5157406951174592358 -2.5895833105127659124 1.4350168065072059775
2.1020870456672389182 2.0488634065213915392 -2.4835537024564677822
1.3467392042825547804 -1.6808092617451027007 -0.38633125194264650304
1.7650587948267171257 2.1453109494807671709 1.8630073549124883669
-1.905762518979895459 -1.9201873630772330337 3.0151936509968821909
2.1112428346020335468 2.2584373146668390575 -2.294601278669729183
-1.333747398018891861 1.7280067853752676399 -2.8639871018628779709
-1.0450280229248831709 2.3639676163758460703 -3.052713946523581523
2.8067093162197549461 1.3969177795673726195 -0.051066784954551192044
-0.93050429472168483258 -2.7668533878701464523 -0.29802771063898036985
2.4763535215447154414 0.74891763674780431614 -1.9057160230924972133
-0.11462714960790609808 -0.34096467258125606747 0.13583491982644924079
-2.6354116215793941258 -2.2353719567716079375 -1.5225259749871331572
-2.2284462353061247342 -1.0568459218378469799 -2.8465268205677896063
1.1501283490460387782 -2.6533415939797695415 -3.0363258618046131687
1.8513084288498644625 -2.7768123139389988552 1.1831343828476788005
0.77660968120420781347 -1.9864725128292015643 -2.1671117598923999026
-1.6870900969058248986 0.47875395922076702249 0.33915856702060631633
1.4069123880212561772 -2.5080090811827173702 -2.066403925928137042
-1.1752003740343111016 0.66464296267099154392 -1.8277939839492185481
2.9725546699803055972 -0.39775758566176611097 -1.6188152745403108224
2.5155898514241537001 -0.67447025841486629716 1.7498910232050617353
2.367860220558275941 0.69112429978061129532 2.0564066393394595522
-1.395981964340641035 2.5343963904817421451 2.7852608421848552567
3.0348626218688181666 2.4986007613448508735 -1.5955882695225720447
3.0761312320605869175 2.0813989039877913712 0.3879753091898767714
-1.7209493316556696563 -1.2551934652555225558 -1.8147570969842574673
-0.45302526934897358046 -2.6030551986727630265 2.8167889770455234455
-0.88496911541202205598 1.2801718749030195355 2.1645027034675115019
-2.6192209199673799347 -1.4884431458575220208 3.1375797176593236415
0.31863291924234315999 0.76773651811190068983 -3.139508496309736163
-2.5626383504603600372 1.1585797417301044732 0.38622167171457189028
2.7085544753502812654 1.0556954421964936941 -0.3945028518524380523
-1.558703099130278602 0.54027303942948368132 -1.8559561795905434867
3.1156744139238092828 -0.22179099938665025604 2.2530455560608366739
-2.842573251931941325 1.0660026125686821175 -1.0351683914218603455
-1.4625944107430672858 -0.57039585250198321376 -2.1743899635798817904
1.2476976573955473881 -0.030303799386750096545 -2.3204757038431340632
-2.6083893594075817646 -0.86112548627649498911 -2.7971739926742764659
-1.3648586202770298659 -0.99960275634378881193 -0.082940591867741719767
-2.7438423627342864997 2.3955129484324020339 -2.3264745848274843709
-2.9788513492772130675 -1.6088146404893473029 -0.72754940924974853544
-1.9376493408955126618 2.3088848393944347848 -2.4237486293890535549
-1.8911751289571876455 1.4934647868411774496 -0.59867711072113349857
2.6413845966729496695 2.6440301864078952221 2.3682226657439562345
1.2321821442029001759 2.965123316927452457 0.28337248897146150028
0.42421472279672922667 3.0901309601907893665 2.1458442076486834438
2.189686951768475609 2.1542168809777830774 1.2037653470531735067
-2.4480162080958667303 2.8713292337151443689 -1.1008538428263290321
1.2187720271266444527 -2.4031447681465651911 -0.10124594589048641069
1.8079880919774717896 -2.1311772691505290744 2.500335668305164738
1.7054582622198974917 0.18286793840606696548 0.334738734294200313
0.6030847896988396073 -2.8135874361043127223 0.57300280295488503768
-1.2917229762541990734 0.56574132759547746119 0.3054614998444753482
0.051139847558162809804 -1.1474535518431472347 -2.2966164615810451544
-1.6798716696989381969 2.2305568347679214369 1.9703591875318249294
0.83355275040240472961 -0.88483784719083535819 1.8115888670585649223
-2.0087825350359054255 2.4569333900486496347 -2.636151407113167533
-2.9899252974960828233 -1.4504471547079633709 2.0309552348593422622
-1.6316425567389618578 1.8297205532542326623 0.48974372697396351128
-1.3047583302555043616 -0.17201623253623443688 -1.1915072418097085727
-0.54669852370149030207 1.7907129470753417877 1.7301603160527943004
-0.09695944267672151895 2.1065660321908614705 -2.8776648596372726985
0.75263346086938831547 -0.77991542879592667958 -3.0385589464145774663
1.3352637609755566572 1.4763866513982595308 -2.5058920007493892257
3.0903708042185868976 -1.6545597239474270079 1.9547756203064237113
-0.27315855192336080393 -0.13982009691260888218 2.8115013440472242934
1.031691206052489207 2.9606453972225059701 -2.8103873157419010376
1.7769809878514983836 -0.61872264519214903444 1.5871028415672618905
0.93720614833978821423 -2.2036229345529565471 -1.233595669189586852
3.0561525496384298606 -2.2097579859896203658 2.2905029703366359684
0.62655646494165484484 0.84730083084248342118 0.59867079354790675438
-0.44220504172719321545 1.0908616608178549612 -0.73093316713551637065
2.421006011134260838 -1.1220298770078991346 3.0767806319696093809
0.47649259277701050408 -0.041028610729942904811 1.1858724328676304438
-1.4476345434746078489 -1.6194127977857692979 -1.4505646840921351259
3.1173862363627966587 2.1833435200190729475 2.2669493543827421433
2.2187944073741290296 2.1638841993933723984 2.3695724661637420638
1.0399574547321090989 -1.5184155001980597088 1.0491231790640531685
0.50108420526392372096 -0.30574702585713087188 0.90293808423031496346
0.41241659778964567806 2.5191895508528245884 2.3944501334075720678
0.54856666800790376826 1.0535367545943934431 -1.6136688199387132503
-1.1022558700344031735 1.4999990614842326764 2.1362916484482115109
1.9069290308438135995 1.9330323764789305585 -2.6572434061817880036
1.328129095377320823 2.4883877238110407859 1.6652724049244511662
-2.5570949076935889366 -1.0267355524633332564 2.7622955983141315173
-0.97039322273745520775 -2.7882886328624416628 1.7139197587493306685
-2.1913710878605545673 1.4387109215868765233 -1.7662723207892172539
2.5000583855955600399 -1.0099769915121061814 -1.2056358975729322136
2.1493057012151544072 0.57136265948550724048 2.0399108153658813691
0.72246114514139492258 -2.5966523556365839198 2.4133581128183356768
1.4425938384082774846 0.59581568352177383119 0.41657436471396591671
1.0783831986868710473 2.9737808399762357681 2.859524410682604767
-1.1844672200733854517 -1.5253417153739876611 0.34565969746233760063
-1.2380076764092085018 -0.34974942205391590377 -0.16131482154400345053
-0.46889285240560862889 -0.46044041005064739736 0.74324704734559343677
1.6930239469578785005 1.8093193019611035766 0.93364357629116323523
-1.2986625953031365466 2.0068819990447055446 -1.1621801314459958565
-2.6946726337424791176 1.1804684633376707481 -0.18474239718322449377
-0.0066303577504323030212 2.5272785927018048824 -1.4307580486695192779
-1.8036183505264800075 -1.9462230708801364631 2.3226397944095769077
-1.615890030258512855 2.4729862121226409144 -0.41493680631480689414
-2.3730187221154559474 1.8644126616035414656 0.84494173512975390139
1.4493304740857988477 -0.44938711922526541898 -0.91475823885071383401
-2.7118583906203426181 1.3474427884472133243 2.4781454189853064918
0.59108188444009135409 -0.002680073685759953861 -1.6994700702088312294
1.8719045623505143894 2.3159962059866794348 1.0281855238001167407
2.5856378685895426983 2.3789905018046226814 2.2021653436579455843
-1.6218353058084760132 -0.74440011441598752384 0.025776636776580374999
0.7965392970901317149 -2.7434051870784070815 -2.3538653530701996175
-2.857464105552158351 -1.2863559857512685269 2.8709799780712152995
1.1666453423311828885 -2.859576444426462416 1.5162951596694602685
1.8120380610376729535 -0.67889410814006101447 -0.54517788539631473199
2.7662390716963596304 1.3573543631904625428 2.072308524039380373
-0.42220781516332728245 2.5533399623706323212 1.0652693387401006575
2.3582366820109434968 -0.3765593421092363613 -1.5732251619567814149
-1.3154209700121901605 1.2502301799769020008 -2.4871059894169444959
-2.8039062912932495308 0.027562479446294751995 3.1049316447603230174
-0.243179551637293212 -0.84249950695077258089 -0.48251175925057543381
1.7505994566037479387 -2.3556678293778698929 -1.5150507638282300071
3.1288840436626532693 2.7884487278852621017 0.12404903599495753497
-1.0750609928509469171 -0.14491797282973850614 0.48110541387309257999
-2.4862564693147004569 -0.29190714500675962739 -2.959909579991432782
0.36653890101384423161 0.35672054148636300752 -0.24799043691045907778
3.030060301802052436 2.5731713407839134078 -2.62531702272334444
-2.1257554986434135103 -2.4882414118153812765 1.176264731439065514
-0.45637399298550507254 -0.95459271931349576334 -0.1411989978211205532
-0.2879314948003752761 -2.1383844301905687857 0.32787046550638354603
0.41075125016567604064 3.0387711315315284466 1.142911986261650803
0.13520203995347435111 -0.035501069730923262568 -3.1125960799732470541
0.95788104773433513373 2.5525388351167679346 -2.4365141574765871724
-1.2463055797533013624 -0.81651838479338367804 -1.3634230943260234881
1.0600940785662382737 2.7215388203630181962 -0.26802726965739909204
-0.81261681743357749852 0.058440069817438544675 0.62257596052534758257
2.2846966161884907365 -1.9051615784718018975 2.2792450734923725975
-0.65446447367325477629 -1.7020020837005105374 0.17095192514967116892
-1.642014895939372332 -1.2129106203466297753 -0.017892390619420162068
3.0941522412717539225 -0.1910013601979034803 2.6902572551290209191
2.8852913079674529229 -0.3893488866466139342 0.91142525711392696763
0.043121354191239191778 -2.2995063532165929132 -0.53078451415558047799
-0.064999002213613987777 -0.97380124757114217005 1.3855589997896595733
-2.1341686581041199311 -1.8452297469263905239 -0.51713803761451515584
1.7084042400128902628 1.7603301808343774226 -2.0058838238073848359
2.6108782437239357321 0.88113923574330055288 0.74051538967032604077
0.18899177518197740611 2.0670388244022070978 2.7879751224382802732
0.15246826512322275704 0.82800109294022128381 2.7922625339723525784
2.9865156537970509731 -1.9209954701629130547 0.69021708548682392248
0.92743523248260029135 1.4549558511376501357 -0.36927520215580855734
-1.5250422010716249144 -0.49265642057344027904 2.2951644894917642148
-0.67072794539281632709 2.0402159518515050607 1.37149173301395777
-1.4190069776800904311 1.4002527905327912805 -2.219404991709346131
-1.3428596258739540215 -0.072854022603159762639 2.4357245780870853125
0.42035966083031084395 0.51821053255244819979 -1.3731190474544705538
-2.8165001191254863677 -2.3338445486644996407 -1.4682898115562550423
-0.59376260744178033235 -2.1697627334457116888 1.6320804112217208726
-1.9156547277274555974 -0.17054767089813838155 -1.3879605938631660589
3.0010648781101609828 -1.0027508421515030079 -0.1341117001176375112
-3.0384503931002191379 0.69448533231122855369 0.36084743863469981306
1.1726141535582632613 -1.2065842267049731174 -1.6452660098437266178
-1.6649881912589619137 1.8252263260786945054 -2.6873585555410612891
1.5765995081809975886 2.2442334997984536571 -1.9349208277800227229
1.2123971298715199296 -0.297542788784918244 2.0098221279107963966
-2.0897268254494489881 -2.9905165000322169178 1.299033059499256737
1.9418137961953494397 -0.71006314580141927095 0.26826213782617980286
0.060691771171255570749 -0.9863064987753187296 -1.2252329133865587085
2.7802553914645624644 -2.7167756893891064074 -0.62164251001624171167
1.4558929708922923041 -0.11573049245689448483 -2.1032162093045916329
-0.37931040177548602799 0.59119406969526400175 -2.4543472909136885285
-0.7072485439266715801 1.9652239484046312157 0.056997617866259009389
2.1988221359061563831 2.4377434049502673119 -0.28754653412746744578
2.6320795302433390717 -2.7375595594911117381 0.31694627178052048322
0.13286182067379259664 -0.48915069160187973907 -3.0564310628557525007
-0.70362246322417076883 1.4129852649202980786 -2.1993275232058353552
3.0455864423732474933 -1.9965499431398257002 0.87362315698963577404
0.96679038996246013937 0.33545038121596038039 -2.7199242259392719667
-0.19422114112506960737 0.31257914068755088266 -0.64195343419939998597
-2.3326600797665264508 -1.2330909699074599217 0.24246588276262315276
1.626353281530503736 -2.0386985698606787665 1.2113270572346195308
-1.7415708749502254449 -2.0662988761791067915 0.55322140817282017267
1.3802335827752569841 -2.8414231768512392406 -0.061966567515623793838
-0.87129116895088509764 -1.6258809958386923888 -0.97386418357603732332
2.0700225975027715108 0.10419179415469592698 0.85207875476597827458
1.2359664891917301333 -0.93996963127394472792 2.7706689033214066953
1.6826537797639682381 0.088811155480786663219 0.69784094829809673044
-2.6286355510996748386 -1.036699731690989168 -1.4195766454733429462
0.065343384979215990427 -1.6906347704814368438 1.3296062280585490001
-0.98263134643957839032 -2.7796628992480876263 1.0090906152229210946
-1.0014601427575757775 2.956682420571461023 -1.378229970751048139
1.8598013283418231012 -2.8470857264887117211 0.93077434246458778944
2.909181647954984129 2.7519451576421971595 -1.4395835809904873326
0.29134919235922973613 2.989394900306198366 0.17476434644348071146
-1.1507935026203326423 -3.005481656858869588 -2.129066166137770999
-0.50935418169911983455 1.5452944663189480679 -3.0899079887453537729
-0.94958319747581620973 -2.022085991707474939 -3.0488144856986325593
-2.6784829557510079212 2.6987452750666429679 -2.1440572991006887626
0.72936092636388361043 -1.1740430894892206481 1.4658712025974089954
2.1781538688050812169 1.2985634824322529468 2.3870897128016617117
-0.35115400735758273143 -0.064673622086714566137 -0.76451926322168128891
-2.0849115634798303098 -1.9115661843680205045 1.6628267495898487738
1.7362031884168542817 2.8588519435483084052 1.2847062927797034959
-2.2257100286074358308 1.5631317853156740938 0.95813594957575176636
-0.20031914614101475891 -2.3478067110693525699 0.818807167613704312
-1.2586627840133757239 1.257303289214330988 1.4719473882668454578
2.2446438193673028394 1.2240408970904956831 -1.2126761135633556954
2.3558028114054936353 -0.89000298856402348946 2.0141646498921987885
-2.1553103031817304469 0.88973305168854821545 0.82756333354546907088
3.1351472371442588027 -2.1421374579459331322 2.5313659546056239691
-0.57079330253497362335 1.6324076120375705656 0.66358254135454863842
2.7743702910489815849 2.121008355178823912 -2.9413667218606525111
1.2406367434166201136 -2.5134036860142585645 1.6181405960404804389
-0.49267596084610554286 0.34286583007087179098 0.47494214873347884165
1.7890863876098164198 1.5857017900234060548 0.87877385471168967257
2.7714122734198776143 -1.7572815830437920059 2.3838348675660228082
-0.77634746977096602549 2.9087007884580735606 -0.13525064586261059674
-1.3444377495729651351 -0.27233852122166934961 -2.0219909015949610875
-2.5381267803847671338 -2.6998178500479079744 -0.77186298907871275787
-0.46295416796845367813 -1.6339569709705277223 1.9450496544496944651
1.5540931324979627703 -2.5198646774769786205 -2.1605977798133064738
0.44467711179429780799 1.4900929389174466522 2.6411236157707715932
-2.4959279724236598241 -1.723688635443893169 -0.15588556922069018995
-0.15479019495079660018 1.8979745831599039718 2.444103266791317175
1.4997033122552165807 2.9852112423581296241 -0.68305136337709360106
-3.0111695176092112547 -1.7916220019982087575 0.77584545577229846458
1.581247917426458649 -2.5626835801876950427 -0.53799718156341169717
2.6488096999317454205 -3.0572661650101058406 -1.7075141086715481809
-2.894100079192146957 1.0933013950343273279 0.037227441051327581079
2.1693954410271345523 2.5673067704315712945 0.83211571909334569597
0.1819640663845731865 -1.424807156626586524 1.6065165186529641872
-0.55247533590774011714 1.012490733068450055 -1.6320458173201435326
-2.2470673930995639367 0.63653985752947095378 0.72356219895467654979
2.1833570334318377348 -0.018880672111395657708 -1.9466600204811068675
-0.080032413352595810352 2.7943616138068554378 -2.781223202460069821
-2.5953022480364156266 1.5908459818275773046 2.8251680773658014445
-1.9800587141120713497 -1.5883706071336061161 1.5710106994790873358
0.11110821265121950674 -1.457863875019905775 -0.87088084849230718021
-1.8188458349824034865 -1.3618623762315456016 -2.5303034411951710325
2.9252758620796583955 -0.42392658764122748138 -2.5864991387382767485
-2.0382144669081583288 -1.0389322918124670458 2.314376366293759979
-0.82688753916748636286 -1.0844902987293840724 1.7020486329051074392
2.1320985565828181052 2.194868704641953272 -1.1982777494290648423
-2.1839511816687018353 -2.0763871291638889005 -0.66724222342532391039
1.2633063704649982739 2.9513702085913440243 2.1793893932524808221
-2.9234428436049322286 1.0772792426598361004 -2.3150534047789506076
1.7202746991358850437 0.21733291808255339461 -2.537507881057652348
2.3230291611177209532 1.8117827579974044028 0.63091885082911858262
-0.88246214154879654146 -0.91793832353927484746 -1.1338330384569377252
-2.9399886097702507826 -2.4849343457113080014 2.921029643580398627
2.3106419016596690952 -1.3895681009488469737 1.3424763329137032741
-1.6701988589199450175 1.74040570234097558 -0.94710091948868324607
-0.21662441011916433453 1.4803406095078708304 1.9686714688879130009
2.2228711518582882078 -3.1287668481200334725 2.4101153034692206489
-1.4599674565829241502 -2.1767487650916654829 2.0533052417663135714
-3.065032102702939909 -2.5807728481963865264 2.4607554752786864327
-1.5745916373728479076 -0.35905155749845851787 -2.9158648970213190132
1.953982240597779807 -3.1378375816794941144 0.53230498378826851535
-2.9481030728727977142 1.1025347514098742252 1.1929656998545858926
-1.6612923290949916932 -2.9814370867578210422 -2.7665254219961585846
3.0547835034751873451 1.7493582224605273012 0.074317147435716268689
0.26329381084714009731 -2.8021067170994724549 0.083676608769712057523
0.90060158832666115103 2.9195268711747504042 -0.95812868809471840592
-2.5406920300198976292 2.9969020298472806019 -1.8404358817355634947
2.652686339820410133 0.7792076496209250358 1.3886500390010327877
3.1049406595489053018 0.87736119677256940719 2.537772305302233633
-1.5469046601135985064 0.25878277681590811099 0.76935758194461634218
0.19494577083045694366 2.808551765661931654 -1.3611502799900656591
-1.0532085309137446671 2.7139326379210801932 -2.3826592459414457359
-2.8085299131759406954 -2.1967910216621717723 1.3937322378228849118
-2.5490783942253756322 -1.7131920825022370902 0.60220877289438323743
2.5157681123059099093 -3.0090713464930254339 0.78177488521449189918
0.12738530647953183461 3.0828143919139545659 2.326665235712115809
-0.30098645354088127135 2.1861047340064168054 0.42596917294269953658
1.4883455226991868514 1.1515982586632969031 -1.4875715338995996184
-0.38183325623251862524 -0.76606944864000903195 -0.33377134858439472254
2.3798520023182687666 -0.25486352106477250246 0.54262370356549016748
0.034924350162163886324 -1.1963758129923764972 0.43628381096965229702
1.3531345789881852326 1.1190072651495110989 -2.3392741666183964888
-0.056680483865595654436 -1.9680749047673891106 -1.7018213212999613315
-1.5316605174457555982 0.2937651588018210802 2.5270876935193777868
1.7287131100327925992 0.67022694313927555498 0.79835771118139620128
0.23816806154971859044 2.8020429872225260937 2.5931363387804919896
-0.26509126236929558829 -0.92280280916692580817 0.64548304126420497084
-0.3398423708713047553 2.8278708002382986209 -0.11620070471687471425
1.1575913823752372878 -0.86869503068022835279 2.5680911310076428578
-1.8412394462509020787 1.1622263763330620279 -1.4468615460363796199
1.0110418344395482038 -2.8956804934727675693 -0.65251487764132853897
0.73456723934298784329 1.6539366277308635844 -0.037477749085422562558
-0.31975286346024267559 -2.0054748198072136489 -1.329987867741941443
-1.1183936657350348476 1.8946443137761237452 0.35332973878178286498
0.91241276411439287131 -1.3364426503446023009 -2.514279380042200529
1.4813239380466454165 2.7347019306227151603 -0.45266700281364791181
1.0974800778539259838 -2.9622812825461486419 2.0945189809365345468
-0.66784189236410274049 -0.091579226530115409588 -2.2807166402305170116
1.6588266915230915899 -1.8514314625081771393 2.5634463100940623193
-3.0824563820098629385 -0.44025364142539125112 2.2079299764453281796
-2.5130521304214741285 -1.9540545944562770497 1.4008822859463831989
-2.3418908141560361713 -0.71292681616639042019 1.8719439101363750666
0.61729470767736094317 -1.0528829645937838322 0.42291511061237896385
-0.72842366047539242047 -0.31400750795767029544 -2.9675998376543155644
-2.7710748139830507775 -1.3443062817006905529 -2.21033098263530281
-3.0227080450623167174 -0.79965174485473777821 2.6534161766923709536
-0.39662428592118281756 1.5567256618115319355 1.31072304493482239
2.8572279075754885014 2.3347560441698220757 2.9498390229945075092
0.64451868598418338152 -0.6428168546591632726 2.1321680505031954667
0.73944922490234699097 -0.23051997892747655428 0.15588254237704690652
0.59987320856406212144 1.984811243233042255 2.9414428830606560439
-2.5871754693073230058 -1.2640416250483577087 -2.3731600772841776603
1.0710671627895651525 -1.8192799819226168623 0.9845083768041176242
2.2121862268907994675 -2.3267119976096726219 -2.5904402688206511485
-2.3305752640613555116 -2.9644198119968190319 -2.030055944881772767
0.7670878085595527196 -3.0902648638578602558 1.8048338589255914499
1.7396706983169494265 -2.396133789355364474 0.24815257893665432221
2.6178596100535296287 -0.87158331208855299721 2.1007460757721636568
0.1439320848701979294 -3.034462024484158249 -1.7609624737432323371
-0.31244814493937278499 2.1700261562379958846 -0.3131993385643681016
-2.5329472692993557636 -2.9069908735205607364 0.71483461717603091756
-0.14327829981344741839 -0.75319330861617705963 -2.18142564240760084
2.44027359276007072 0.3783202069863071948 -2.0401380704254004073
1.4765406083865588727 -0.127644345576762408 -1.2436710024233856853
-0.25006239511532601938 0.92441810178495842365 -0.83938397377518514375
2.7019403629274290068 2.8988540678356855551 0.96933244990828626442
-1.2809736599818890568 -0.19005692924226780249 -0.8077331875046933618
-0.07194404013311128665 -2.4996449790286918713 2.2883405826849845255
-0.75194405541254605296 2.1389295074993111001 2.9980803288531872042
-0.37409986177947684993 -2.4233140125122130115 -2.8918501279559287731
0.99162387443997346281 0.48573925279069074534 -0.19707216236106139817
0.37596026491792144952 -1.577043847481969463 2.6078150068245617987
-2.90944134466954063 1.3664447243869535242 0.50715312692977265741
1.3058119632375131403 0.62684781922047561054 2.6811002039542293218
-0.56784451707756788963 3.0484797192566919222 1.0780896633667360618
-0.47907698975500645489 -3.0856372770748086154 3.0965185742402505653
1.816707287376819302 -2.9409741733948346898 -1.6909584076963437571
-3.0521755033518314093 -2.494938554946800835 2.930803218069344851
-1.1803200441052326131 0.11134138944344496025 0.58152412580167256451
0.67806439489310399438 0.94972787107929601547 0.8534444210688958421
0.10897164583817087191 -2.2467428938679003814 2.7155656498247715547
-1.7690559141206398941 2.4005070994488528768 -1.0443646714037315704
-0.13558254774545908106 2.018067038626331744 -0.63643406461542895158
-2.7021822988915507047 0.94341702449637399042 -1.0901183649879069293
1.2864794649083606259 2.1242934983075931754 2.5971019911329333851
1.6029698011378723521 -0.6540033041279018633 2.1749576551723297513
1.9612316481736922213 1.9277923910053855749 -0.61915477341578428749
1.5374669713050179709 -1.0455078066694842853 -1.8613045868762299051
1.5604978470643020572 -1.8990295097535383473 -0.11022120928676981677
-2.0522441487897782331 2.7006747602583320855 1.1649548712415986884
-0.21245264277978792578 2.2146752677205867599 -3.0190162820865373838
-1.9409188436855147053 -0.81390182214879436273 -2.4695358637664552859
-3.1096561422308020006 -1.0992747175010930683 -2.9842798952698386117
2.7915359128974062131 1.2006535836738052581 1.3625510612572115932
1.6001556407691692741 -1.460397166669050506 -2.4457895208554005784
2.3175423074899166309 1.6973069369604179002 -2.8964441396514257754
1.3598665728481540427 2.1782499051900909848 -0.90605409648534562805
1.828459553748368549 -2.6986693074240197809 2.3750722274464042272
2.4424611303868664081 2.4515786639665826385 -0.70872494950627284993
0.69924146365486983257 -1.4736684095560323993 1.022309781149796315
0.65123169130521540993 0.039802969021593970211 -2.5566051291622953201
2.4565303655713721653 1.039090379470137826 -1.1455990498247166087
0.24345966514038819284 -1.4012922250927251078 -1.1686211721061576796
-2.0991786849260227754 2.8857345078968492658 -0.56861037588325835657
-2.8141408157582503691 -0.22016240506316409054 -1.9212824875911045375
0.79950674255868570128 0.90131587043935290637 0.21046602513288181768
0.64337540454600006257 3.1012804473155002327 2.5724770943082777563
-1.5982983769063325852 2.3903839089359362191 -0.078769614425792333634
-1.2656303874530594467 -2.9837654533850916927 1.2643332270909004578
-0.40211268894136242835 2.9281833067070612842 1.9153493379533452767
-3.0149512576729748936 -2.5545468650083229534 -1.8475721858786950946
2.918088821978887637 -1.3503927590057815955 2.4292717020895695512
2.038997491522938077 2.817692227155350615 2.7085725821829012006
0.041664760593136840328 1.8803850106413868559 -1.3111299880261642059
0.22992687206670225919 -2.0145597314029677349 2.9099725769653126406
1.4155311952303177847 -2.4166054107302294973 -1.2576583088383102016
-2.1055354886208643705 -1.1269397274750452276 -3.0681067445537348881
-2.383573707723329882 -1.2366088630166207629 -1.7145111821248077977
1.1289622679131392502 2.4970453948419217838 1.6778866726668786313
0.17326697714774885739 -0.40754984957255357969 -0.96456547275012738396
-0.43223747506934628859 -0.30980573159593349786 0.98851553795645497047
-0.36405222811812176786 -0.33669025533933849559 1.3175151325350640263
0.94477610350907159642 2.5430176780383053625 1.279016770892654975
0.98239788001661310091 0.15914045886845018529 0.1845724222427702621
0.26998348005161965091 -0.87902333804610810475 -0.94008822865459862328
1.4302590907819929811 -1.8050688989972087928 -0.070329352497083164053
2.1374497859833807567 -1.830311927744831868 1.692243386543630379
0.097066231100345845562 0.43147170767553255644 0.56995446328538301728
-0.22185275698868300864 0.081925125665563314215 1.5487259371441872702
3.013308966577239012 2.4313041017581937808 1.0551250632748230274
-0.6772134753980467714 -1.0618226988163588231 -1.3003978988062849798
-1.1398026623019155146 -0.56233445923432956448 -2.8484758664443114995
-0.5205560420519268483 -2.2331434112139714188 -1.6395975690781139367
-0.33382736608581575766 -3.1011750948868530564 -1.5793562404193506321
0.68225183354058538399 0.14818711451956456671 1.2471829106147209743
1.3831765692926545341 -2.7699883646710325991 0.22820456940189970396
-1.0925538659150078047 -2.7308415141716957386 -0.82703602139979937036
-0.92173793586795627064 2.2060880124510493516 -0.35701402426377981669
0.89396344244283643121 -1.8158506331368038378 -1.9868951186746950377
2.9066047486886636975 1.4605591585104527041 0.65392151440159107523
1.0158285402644562367 2.7558651943931060657 1.1040953892500624534
1.3702921767156643895 -0.60763121258439589667 -2.2539639963782640564
-0.23504605195789673999 2.2379666929636599093 2.7443470523425430585
-2.2636375381331457213 2.0241938757757251821 -1.7474623998836424921
1.8665767180531132041 -2.1802609323487747162 1.455039864234765723
0.34421030090848248051 2.6832958160073214771 1.7641163262469827799
-2.3610997888800131506 -1.5954564682063723247 -0.088228800583636246557
2.2692761237523040307 1.3898591089835612422 -0.42742539459014494696
-1.4953752630587164862 -1.3393490113317392254 -0.74098931810271873033
-1.8403566949801339891 -1.7687378290168738193 -2.116226506212373959
2.2891688187139846988 0.60514564265480297323 -1.7318040957927280932
-0.85873314542200196442 -1.2483344187219753696 -0.56159720548601788082
0.32432045476586468524 0.25706304039752225776 0.70957603392038226531
0.70945799322470692871 1.2045908698307776774 2.9627869744542181252
-0.96130847258306673098 -3.0535703973423014013 -1.1765502276391279768
-1.8601854628426843785 2.1528839014614469249 -1.9421077123134904419
0.070774931278305697191 -0.48128502923416549564 -0.16957292193274042802
-1.7965154360164974356 1.1925254398227451702 0.88434040894227994301
-1.5667499728557918726 0.55517980520481868822 2.8545211746470275926
1.2912518071582494983 -2.8657489380572069848 -0.81954673740807848503
2.1659756022249450069 0.65394833879411917721 2.2152937762714213221
1.0654158097756010193 -3.049296750935081235 1.9025580479322519167
-2.507197155400073818 2.224955396244198802 -2.7870508629802648315
-2.5765817784342042174 2.8431524309947144857 1.7979508597100046785
2.4093581490445785676 2.088128891852337965 -0.98077317549116482809
0.2778074508683299193 -2.5733920372531535747 -2.6462553392208403302
2.1172403795091430112 -0.09963642722385079864 -0.02769667623263716294
-2.4537653203265969992 1.430564395453654214 -0.87131320186926908278
1.6716057718529704346 0.52672011788777650665 2.1150734981344090357
0.82406695567106602596 0.45323759282435105433 1.5094213620776395501
1.2215113295765647194 -1.7346769102917385386 1.510394404164784099
1.8322388877731814461 -2.5313051419358179039 1.7724772850709520355
-1.0559648370280392271 -2.8770835932692651049 -0.12621848416459613418
-2.764617823062739177 0.24481300972344355316 1.5902601140513494826
0.85504372700078734582 -0.20473557506545736473 -1.1177773356739528765
-0.95516816641342217054 -2.8044107105156341753 -0.81528335746360491854
0.54126602550605484865 3.0064549852124642371 2.0659101650692432983
2.9317199155694009249 -0.50446288457132348881 0.37468455857596261183
0.22203647279250660063 -2.1157411259888028177 -1.1380010993089775262
1.2022774383720626901 1.9797713866798760662 -2.707619866933147712
2.1547581941779734294 -2.260710613679884684 -2.2665406801792542524
2.9965533005104445508 2.1166888976234190523 -1.7421197326693875773
-0.36133668410601949006 1.9609095407617402884 -1.5368102375391941017
1.4381491112166502333 1.3369630812598432001 1.5983277782101268372
3.0204597741859258164 2.4102740948838681234 2.2339024179172870532
-2.8296435385431184528 -2.0099811698883813804 -0.58937882546506958903
-0.25188154719676081328 -1.1459444328606807062 1.3040879807690268777
-0.040960701511207453507 2.3460264362258955728 -0.70115502393615125598
-2.395313839724215299 -1.3148790610482494756 2.3399333968340867429
-0.90078536225358041278 -2.719033203092465989 -1.8759254081285388072
-3.1396556890135070006 3.0681706783666360394 0.091683095688114502053
0.96981023568018187575 3.0752103270783601729 0.50233149621236439231
-2.8757657628162993646 1.6237429876371534121 1.640663517673603522
1.320348723160574167 -1.3626826082746030799 2.9545417570763907733
2.7996976631456105267 -1.9383381783542830146 -1.5038172157348412838
2.095429145478587607 1.0692060575913790998 -0.57607491251317455294
-1.2169387414559291738 1.9921246481377519189 -2.3349388028498845316
2.5282311886375428145 2.8355597692337930482 1.7467039547119993514
-2.1117349820008737282 -0.44368053482260583209 -2.0789218905576358765
2.5735629158996244925 2.882468329450216693 -2.5742251925838148807
-1.0322577669215089458 -2.4246879024928111868 -1.6247295567399668847
-1.7481404312168951076 0.72119520247420743075 -1.2867839770074824823
2.3389273631190450331 -2.0546189966780188385 -2.2075448574780356381
-2.4546739889437425575 2.6029729282214573161 0.81202798204126747095
-2.1684348913615982823 -1.6867218955045613082 -0.34601789521722903231
-0.087611179980519704458 3.0952313350732474362 1.2731472723113474999
0.28384780345580606919 -0.41205802044395012373 -1.9306012442721744993
1.1650255331865775332 -3.116417951051901003 -2.6781068959654690254
-2.9738186504334542803 1.1682285737350932564 -1.0652226325725289158
-1.2211195285123461751 0.044209877686931520202 -1.3534412257078789477
-1.5072139461161986329 -2.2423941695298208465 -1.8336532619738947769
1.5408634500168769677 -0.69533713430272969802 -1.9514238282005236247
2.2764794920681934443 -1.3964627567947016651 1.2595542587583397065
0.92077208415809952413 3.1180373660460585228 -0.43915200723870517763
-2.7301202700417936953 -1.2422237503527149283 2.4884513491671622631
-2.2932848316153253698 0.22805122600148974854 2.0370304415129592002
1.1290805931904301929 -2.7501456769531338331 -2.7050175809207308575
1.6198444298617902248 1.7928059042512396459 2.4964708248304097182
2.2047962159148024597 -2.1170291927762630024 1.4074137653611877852
2.9618779512105053442 2.5857461890577209118 -3.1288597391913888224
0.16618961103695939485 1.9070150777009624576 -2.8822485824412860111
1.9646943228433810802 -1.2972016149193610346 0.60884260380165233784
-1.2029352006182856272 2.3529533215523814604 2.5801156940055944844
-0.50585267466099415046 -1.6640785866844558516 1.0721166716911580963
-0.7551645393743635637 2.6206625705671466875 -1.5419401515961994598
2.8395181089553096498 -0.91296456347706245182 -2.158787211870556888
0.03066125030099620119 -2.276865030298246495 1.1702458516821554468
-2.2390763445666412856 -2.6622091058279302445 1.7597883000166891776
0.97975631643619021105 -0.66033849731184801612 -1.342821232224960637
2.9360313437536254 2.8140253786013866844 -0.37864193399360379644
2.0746736480979990347 -2.6752493059772057826 -2.4134238103628238292
-2.4098887764057486116 0.35427884711296009357 -1.5940589411805761166
-0.99907045632476920716 -0.21313127166810819091 0.92612354306246480462
-0.17169184644581880761 -0.54299113111394703424 -1.3213622258765738149
0.014629649270299083241 1.1432348176965394515 2.2249580832901383332
0.43399557873876393188 -2.468078288506233342 -0.20687843677258221931
-1.5413226690836512311 -0.50011846113980018558 0.12029966564236804771
-1.4692917654355082124 1.6930843384229694593 0.29435244468330656886
1.9119231525119868564 0.78823471216086060664 -2.1863324539204289643
0.081480944741561422973 1.5091165426175754405 0.73427691079166512722
-1.1231202051616042681 -2.2761009772487601488 -1.971056973010894886
2.9497239874280705152 -1.6942052309486084205 -0.30625983221110475441
-1.9714996552013668296 1.8716122411435627271 1.4523126985822445434
-1.1164598306295250296 2.890255056368094877 -1.1160790118310206509
-1.4418622996370999978 -2.1845849680399020976 -0.7876256077014089918
-2.0614739654027705029 1.5957479667662228806 -2.7482278947632892141
-0.14778148752604325367 2.4187487419198161476 -2.5957694628331244857
-1.5021924072235373071 -1.5318605467726340574 1.3501479789564321266
-0.73443200032978817049 -2.5249063609487949478 -3.0060303524885023663
0.69068397637299971947 -1.8270704221603117912 -0.99767138481187034316
0.5723120442460278845 -1.6722707026235124061 2.6277965494837163263
2.0468149718768469114 -1.8615118025456780515 -1.0127897052463912253
2.6933636119421651145 0.99776921165091625454 -1.5163873115684181059
1.117140291260025009 0.50028904817899277901 1.3196859239770786232
2.8116481310771872515 0.92764209393837226969 0.016898311895100714963
-1.2294019984779731569 -0.46695984010665370079 -0.23471038437687319345
1.6676021985806492864 -2.6142774077011465828 -2.64450032764165055
1.3878796773089669969 -2.2538251844819909842 2.5516425691754216487
-1.8485002087137547555 -1.0796793162134634692 3.0389608178821347906
-1.4118779783324693078 -1.549643062812565919 1.1111651290761210831
2.4840582811355522708 -3.1328252484680598755 -2.2609800837917419791
-1.8657741198724666631 0.17662951375102320384 1.4295536370808665794
-2.792248585183083609 1.4209955151100244208 -1.0794787268650631873
-2.6042161986283800523 -2.3019186543103935527 1.8534487832587904776
2.5242139641533922756 -1.2240659963436426594 -1.912649143508286409
-1.3227697402117721825 0.28353671523386392295 -0.55655183403054619973
-0.074404542127443740185 2.0924183922003303238 -0.75575417680032330736
1.3169365743664993573 0.078503679169831031004 2.0220939049828619005
0.48907982528050109039 -3.0959854725877855586 -2.1106639111063443259
1.8972725314714411482 -1.5939727982028313313 1.9506629332030351875
-2.4292493503744139183 -1.3042861045353222327 -0.61176046030479458437
1.9280844507583090319 1.1341833651313999454 -1.7274703773947976959
-1.0870209854389560888 -2.5497798232119022188 -2.5638375075699300076
0.12254130638045612756 0.36616739339547743626 -0.274330512482110489
-2.020669975042252986 -0.45898897344178601898 -0.8014416336866632129
0.86402442428340098246 -0.36204013052078787283 0.14536478146286935242
2.1458299969846761357 -0.77006291294997497587 -2.0067818962594907717
-1.5578857257785878598 -2.2251350238178946306 -2.139825563928339669
2.0287223897252033566 -1.4452607971254143315 -1.4001845732180466797
2.0053891782614927664 -2.3892835754407775184 -1.1900729857516121335
0.74734482653068035063 -2.0270932562628170004 -0.88629792108007832141
-1.9542456807941641639 1.8481494429455365136 0.40478603242097266346
0.1589347761887935917 0.805480098508069009 -1.1806435848971674751
1.2731214495438480938 -1.1899622533159037729 -0.40653169862608873331
-0.96629835044437406566 0.12771675806389692909 -1.7918482236907518068
-0.032148895609277250429 -1.5454465618549835249 -2.8067904524399946986
1.5864616096939645473 3.1364256980137854569 2.9162366956545993091
-0.0059083963048558452158 -0.72153297446215125532 2.6959118426463968277
-1.209190416258089984 -1.2811288654584369606 1.495655610133768576
-2.3663526735983260174 -0.66497558599759098996 2.3084802669795152497
1.0916287994387205984 -0.93449433289264227653 0.062090436205512133938
2.0574066444851544233 3.0643271198638011299 -0.55114581131279072324
-2.9648879731121393633 -2.4616474704127986328 2.3508166633215354935
2.876928910290480701 2.6092573782026189377 -2.0892102983674183392
-2.6597440629441888582 2.0798377755595538474 -0.18061358322918286134
-2.7414652634582092894 -0.47723072663736587629 1.8454311867984563023
0.20465761949373240114 -1.8362762192440673648 -0.92495134018879365811
-0.47295142712029836218 2.5974758777820490252 -2.6939704851468455615
-1.4758146949966632899 2.0317758450603946585 0.094525569773493689496
0.25591071604562731778 0.98497170966213598575 1.9782049595714426005
-2.2098122239963866598 2.0261648223733041974 1.2337063583581127091
2.4615616252865759606 0.10871069624981322121 0.53426659736043280446
-2.1653023862622005069 0.42725146220059961877 2.2441127533773901348
-2.7584576258703075169 1.0210759747921542839 0.072604725362839239722
1.4003612423057223424 0.71462119812638924543 -2.6149851242790242978
-2.6913077529054487691 0.27988936852560764024 0.99478051255209720694
-1.0279527424068133357 1.0326503119178314094 -2.3988284467158313973
-1.0196856636256534934 0.47600082483057581939 1.0909646667364478745
-0.31616188439932457754 -2.7947863847063656451 -2.4302816939611684433
0.098639991412953431649 2.1337852925590938824 0.18295167166873804732
-2.9040063819289239078 -2.8833700255169789628 -2.2855621967171808606
-1.0422843987029333235 -1.5729307533611018854 0.39504586586461476472
-2.8783008895337522937 -1.4211532466767045069 1.5529632307431358029
-2.7835707382238634722 -0.073668325456900163317 -2.3022720446648041737
-0.77221246604520921153 -1.5618335148652877642 1.1474420620341483357
-1.0626133828822870164 1.7700096022061604373 1.44778570646555238
-1.4002668096181045687 0.91208869704251505084 1.4763940323397450882
0.30988806566464477399 2.4255209546217129102 -1.7200736387764943292
0.84423280051557325621 -1.8799074571334604133 -0.42002194755869970422
-1.5783509658062959691 0.40191091291663472163 -1.1498303745851596869
0.63500196981035195165 -0.15216092242945711277 2.3456995056207796679
-1.8764719611319791159 -1.8709600277738469565 0.44559229924941989864
0.65891720303895873201 1.9699922876021540574 -2.9381453885027468687
-2.7351739877464940065 -1.8540202883659528954 2.2631966995397698739
1.1789756869088519053 -1.5525821606362470995 -1.2619903897107749291
-0.64815584049014907109 -1.3822275467070885835 -2.9049271097603357461
-2.7158701430025184997 -0.63199407896317350009 -3.0990993781051696665
2.5955801878043587294 0.7794759247136706648 2.6707796030425718925
-2.6720124452941225179 2.3867831103741190546 2.5047460383499027259
-1.3110724414777958913 0.97736309004363874919 -1.9014862110633778958
-1.8575250282569315541 2.3605924424405309026 0.23415139512695670732
-0.020774944231092717928 -0.58687794110701796413 0.22324809385859234467
-2.2845864992455431342 -2.9538238932543676718 -0.65730469631559573784
-0.11937077171168741785 2.6716981389978862182 -2.2289253937755213464
0.52560616377973667923 -2.2846438768418781962 -1.4839591072296809404
1.6409444408834996665 2.2578887218716214846 2.5190202607307101701
-3.0971226359742107803 -2.6337164352618502861 -0.60724942840994700077
-3.07259598557898439 0.46801804955859438451 -2.7321747071563446951
-2.779492585126809967 1.6809109024216803974 -0.46161660629996736915
-1.1980978389310634746 -2.8262141666830635778 -0.50274175697117540196
-0.93664300919885246088 -1.5048736321789193404 -1.3179209551950052948
2.3446882686690067032 1.1724053275632817517 2.8431873330013885948
1.507280210284757338 -2.9262059589907578605 -2.3870299438466817676
-1.7004473101271635471 2.3380090758652611882 -2.8888015510227682547
-0.71883160305033833026 -2.4082707763604389584 -2.1951665108712239416
-1.3726853575956823317 -1.0954789377825218111 -2.6035136348900791425
0.3742014057366409574 0.95434279042289915651 -0.71731514858164135973
2.7606098654279573879 1.7153244644655138984 0.36381491460704884489
0.20881803132228027309 -1.7980320645609921826 0.26286624369758060382
2.251172594912643099 -1.6291807508898592527 2.4794170610433106106
-0.83788623633456138506 1.8860060554641338015 -2.5436814832604488501
0.33598774801487785169 -2.8974317396145847781 0.1323203934631647094
-0.10955373997632644745 3.0074800012983473607 -2.6281254531521907047
-1.2568008417344804784 0.46392133169014915239 0.4699192746410445487
0.32825207702610725846 2.2501484615220270769 2.661000342080198422
-2.6536505563612906577 -3.0260464338063339795 -1.1537939313165390676
-1.6525066875868201777 -0.79200310561207665216 -2.5241536176895311705
2.415597198422746672 -2.6659350968567743223 -0.51498377573977505151
-0.9059335703332336287 -1.6412054530237132344 0.022480993532995263706
1.3651590350558624465 1.2132983529658547539 0.86746354487213483964
3.103410531704743569 2.513478852361830107 -2.4103050215971126846
1.1430671876884002103 0.5478494439649699288 0.58908228567169063083
-2.207987648210904652 2.6755080890975717622 -2.3793288920485222704
-1.9967598420621899269 2.9359556191073137299 3.0087152414725784055
-0.18871466507287015801 -2.2646584659057560351 -2.6537964134373503988
-2.3880255839509736404 1.5702365856737721117 0.20099481527799900604
1.8365261033172073368 1.9440272076399214285 -2.7711726416744228985
-1.9007963270049439419 -2.7085404315167718181 1.8327545820596959913
-2.8703210141056927363 2.6484475952604844551 -0.22368527895419765272
-2.1182481854632939644 0.14138403552695510967 2.8729914862145990995
-2.5014107406595860184 -0.60293573001987965654 0.66165499082038170542
1.1065432958473513381 0.60892764858730741295 -0.8919784878403178574
-2.2009458311224388005 0.20456691422619277532 0.0054714519779519577014
-1.1058227990339375424 1.578077854971939864 -0.33119262431107676647
-2.9829368833481693102 0.44671187325500172349 -1.0606934761233093312
1.8000462382251072313 0.44020830299311164424 -1.2473561546010547563
-0.52986609275234419769 0.27424342860652428655 1.37545515319776257
1.8862193164260121492 2.4642864362441141424 0.72838794362725733933
2.2625908864644648233 0.91920275269944795582 0.50959393115279283393
1.6804962469189144159 1.6455090454428251689 -2.8360428226915819216
-0.76222749324258876058 1.6115287398763857851 -2.827876703972432626
-1.1296763664408038252 2.6376708250659852695 -0.0037534644294612284909
0.82010725889080138273 -0.68334396803898256323 2.5459318175532850148
-1.7752348857021278405 0.83830467601848601689 -3.1352894092159466766
2.5373052142241618867 -0.045562718638648469494 1.0927187099469914955
0.15956534175572478773 2.7678360685741143499 -1.0058147226114688699
-0.41505558861541791416 -0.83352978627318119464 -0.89694991306067128889
1.9453766512052519388 0.70482662472889767713 2.8003084248533278711
-3.1321965015205708305 1.5762232273755500955 -2.7587298928237844464
-3.0036213995258975729 -2.4389078059888644745 1.839452152526789952
1.7705033820022908486 1.9569069695694141231 2.9081450652476084073
-2.6651807961271929415 2.0014974751681995357 1.0427348181049218567
-1.6111646875714100702 -2.1956570155185297644 -2.6085043724634333628
-1.7812901908376395088 1.3240873058232223158 -2.4776878580297507781
2.0809482755619468364 1.707563280677187656 1.1344776219512917592
-1.287325746228479284 0.24948216759460706271 0.91598749970056569936
1.5276434095599888963 1.9156185235051372828 -3.0143160477236623507
2.9411249152830256648 1.376582123059804097 -1.9925859589325056742
-0.91948066921086102354 1.4507604860583596107 1.0818940190914911881
-2.2540136005348490045 0.97292497109515707621 1.9890695567601923699
-2.1485414091787378155 -2.6315442025941258031 1.1282261172973964136
-1.6375756215975905139 -2.0368439881597271146 -2.926933753777215319
1.206622199276547569 -2.4733508112747832897 0.32176297764783301503
3.1375670013457046537 -2.3744752967079514328 1.2316351498353403926
3.0618661904416857311 0.42160534512814162866 -1.8687409521855162797
0.90257256219694959043 0.68240280136225983654 -1.8012529266879777623
2.9537555465269980104 -0.69176029185501297647 2.9709542281896146321
2.7237163424883883422 -0.13061781938487326826 -2.5488397593363716354
1.79632921602714557 1.5496821182585049925 1.1967669361192472266
-0.89377406451100860352 1.0479909433746223968 0.44910453913670478343
-1.3520328140623358859 -0.057658271732710097979 3.1311106879211116905
1.9218150141707548428 -2.3254039359514520058 -2.4046248330849731012
2.4330907303776312389 -2.0978401319272474979 -1.2668184650711145078
1.1132107652539833254 -0.4035735657183954217 1.1209128248641251346
2.1910534834569457274 1.2149792463831907696 1.8713588268973273543
1.5171927593574734416 2.5606602662104789303 -1.6699421775581715366
1.0009195320153576603 -0.1555396936102177996 -1.0981257392989043353
1.983093881041376072 -2.913712117864453166 2.4488964635550249938
2.0201236034394156604 -0.01454611887572765383 2.274607946404080927
2.3838678341417027795 -2.8376364373454308065 -1.0420142061112174225
-2.26721174734166242 2.072804534961763423 0.0083706957500373491143
-0.15958544793795947925 -1.0184172383576250986 2.7787308166919935104
1.6467992758198679581 -2.9997483379576803664 -0.2279884573814010551
-2.4703171982080940339 0.22477035944347045771 2.0455968527680195024
-0.043888561879043663794 -2.4302022067645090431 0.94489430643159799672
-3.1025633721796959108 0.73214119619041451159 0.90087122851269896273
1.2954804732771814102 -1.8742303045158204 2.3620412326503696931
-1.4335197352743016541 -1.3711354398639292729 -1.2161057456831831924
0.58898936128716616878 0.95973339421498859991 0.58562460192365506373
0.40150346572908723886 0.57797734163039571342 -1.4645560467739133781
2.5925322398991275108 2.7427175990068128897 1.5627113313825100605
-3.0904835578914915395 2.3021061272863603264 -2.9722259175731089442
-2.346954076691305513 1.0058835129429493094 -1.0079080423153041757
0.71248716047669402585 3.1285935515883886993 -2.0463514683971064656
-2.0352522370669889895 2.4170353373845046008 0.98139929291483962714
0.53708609113864191897 1.7835410248859471238 -1.965954562082271595
-0.69605806304386108607 2.9257730262537045007 -3.1183858646609174947
2.1278903769676977831 1.4452450660170184094 0.37379750684245482972
2.2734459465502832032 -1.8882876901214398213 -1.0725724790797008801
0.35134842279699274314 -1.3314011541595149879 1.7305296334680946302
