0.005 322
0.005 321
0.015 322
0.015 322
0.025 322
0.025 322
0.035 322
0.035 321
0.045 321
0.045 321
0.055 321
0.055 321
0.065 322
0.065 321
0.075 321
0.075 321
0.085 320
0.085 321
0.095 322
0.095 321
0.105 320
0.105 320
0.115 321
0.115 321
0.125 320
0.125 320
0.135 320
0.135 321
0.145 320
0.145 319
0.155 320
0.155 319
0.165 319
0.165 319
0.175 320
0.175 319
0.185 320
0.185 319
0.195 319
0.195 319
0.205 318
0.205 318
0.215 318
0.215 318
0.225 318
0.225 317
0.235 318
0.235 317
0.245 317
0.245 317
0.255 316
0.255 317
0.265 317
0.265 316
0.275 316
0.275 316
0.285 315
0.285 316
0.295 315
0.295 315
0.305 315
0.305 314
0.315 314
0.315 314
0.325 314
0.325 314
0.335 313
0.335 314
0.345 312
0.345 313
0.355 313
0.355 313
0.365 312
0.365 312
0.375 311
0.375 312
0.385 311
0.385 310
0.395 310
0.395 311
0.405 309
0.405 310
0.415 309
0.415 310
0.425 308
0.425 308
0.435 308
0.435 309
0.445 307
0.445 307
0.455 307
0.455 307
0.465 306
0.465 306
0.475 305
0.475 307
0.485 305
0.485 305
0.495 304
0.495 305
0.505 303
0.505 304
0.515 303
0.515 304
0.525 303
0.525 303
0.535 302
0.535 303
0.545 302
0.545 302
0.555 301
0.555 302
0.565 300
0.565 301
0.575 300
0.575 301
0.585 299
0.585 299
0.595 299
0.595 300
0.605 299
0.605 298
0.615 298
0.615 298
0.625 297
0.625 297
0.635 296
0.635 298
0.645 296
0.645 296
0.655 295
0.655 296
0.665 295
0.665 295
0.675 295
0.675 295
0.685 294
0.685 294
0.695 294
0.695 294
0.705 293
0.705 293
0.715 293
0.715 293
0.725 292
0.725 292
0.735 292
0.735 293
0.745 291
0.745 292
0.755 292
0.755 292
0.765 291
0.765 291
0.775 290
0.775 292
0.785 290
0.785 290
0.795 290
0.795 290
0.805 290
0.805 290
0.815 290
0.815 289
0.825 289
0.825 288
0.835 289
0.835 288
0.845 288
0.845 288
0.855 288
0.855 288
0.865 289
0.865 288
0.875 288
0.875 288
0.885 287
0.885 288
0.895 287
0.895 287
0.905 287
0.905 287
0.915 287
0.915 287
0.925 287
0.925 287
0.935 286
0.935 287
0.945 287
0.945 286
0.955 286
0.955 286
0.965 286
0.965 286
0.975 286
0.975 286
0.985 286
0.985 286
0.995 286
0.995 286
